Generation;Fitness
0;0.48
0;0.9
0;0.26
0;0.64
0;0.5
0;0.78
0;0.7
0;0.48
0;0.42
0;0.68
0;0.68
0;0.48
0;0.56
0;0.58
0;0.52
0;0.58
0;0.3
0;0.44
0;0.6
0;0.72
0;0.46
0;0.44
0;0.52
0;0.58
0;0.56
1;0.52
1;0.66
1;0.74
1;0.68
1;0.54
1;0.48
1;0.44
1;0.6
1;0.56
1;0.7
1;0.78
1;0.58
1;0.64
1;0.46
1;0.28
1;0.54
1;0.6
1;0.68
1;0.68
1;0.52
1;0.52
1;0.6
1;0.6
1;0.58
1;0.62
2;0.6
2;0.74
2;0.44
2;0.68
2;0.72
2;0.66
2;0.62
2;0.92
2;0.64
2;0.6
2;0.64
2;0.84
2;0.84
2;0.62
2;0.54
2;0.7
2;0.62
2;0.7
2;0.48
2;0.58
2;0.66
2;0.84
2;0.38
2;0.46
2;0.68
3;0.78
3;0.68
3;0.68
3;0.82
3;0.82
3;0.72
3;0.58
3;0.8
3;0.72
3;0.74
3;0.56
3;0.72
3;0.78
3;0.7
3;0.86
3;0.86
3;0.56
3;0.76
3;0.68
3;0.6
3;0.5
3;0.78
3;0.64
3;0.88
3;0.72
4;0.62
4;0.5
4;0.68
4;0.7
4;0.7
4;0.72
4;0.72
4;0.76
4;0.68
4;0.78
4;0.76
4;0.76
4;0.94
4;0.8
4;0.6
4;0.72
4;0.72
4;0.5
4;0.68
4;0.74
4;0.8
4;0.78
4;0.76
4;0.72
4;0.74
5;0.88
5;0.72
5;0.7
5;0.6
5;0.74
5;0.74
5;0.76
5;0.86
5;0.78
5;0.72
5;0.7
5;0.74
5;0.72
5;0.68
5;0.74
5;0.8
5;0.82
5;0.72
5;0.62
5;0.76
5;0.78
5;0.66
5;0.76
5;0.86
5;0.82
6;0.62
6;0.66
6;0.8
6;0.76
6;0.74
6;0.66
6;0.72
6;0.8
6;0.72
6;0.56
6;0.78
6;0.72
6;0.84
6;0.86
6;0.74
6;0.76
6;0.82
6;0.86
6;0.86
6;0.78
6;0.82
6;0.64
6;0.86
6;0.52
6;0.84
7;0.64
7;0.72
7;0.68
7;0.72
7;0.8
7;0.72
7;0.82
7;0.78
7;0.7
7;0.68
7;0.76
7;0.88
7;0.76
7;0.74
7;0.78
7;0.7
7;0.8
7;0.86
7;0.8
7;0.76
7;0.78
7;0.7
7;0.7
7;0.74
7;0.76
8;0.76
8;0.86
8;0.86
8;0.84
8;0.84
8;0.84
8;0.72
8;0.78
8;0.86
8;0.78
8;0.78
8;0.8
8;0.76
8;0.9
8;0.7
8;0.88
8;0.8
8;0.78
8;0.76
8;0.68
8;0.76
8;0.76
8;0.88
8;0.82
8;0.74
9;0.84
9;0.8
9;0.9
9;0.82
9;0.78
9;0.88
9;0.82
9;0.76
9;0.86
9;0.8
9;0.84
9;0.8
9;0.88
9;0.8
9;0.86
9;0.82
9;0.72
9;0.92
9;0.74
9;0.86
9;0.84
9;0.78
9;0.8
9;0.88
9;0.76
10;0.82
10;0.86
10;0.88
10;0.8
10;0.8
10;0.84
10;0.76
10;0.86
10;0.7
10;0.86
10;0.84
10;0.8
10;0.8
10;0.82
10;0.78
10;0.76
10;0.7
10;0.74
10;0.84
10;0.82
10;0.82
10;0.86
10;0.88
10;0.88
10;0.86
11;0.7
11;0.84
11;0.78
11;0.78
11;0.76
11;0.8
11;0.86
11;0.64
11;0.92
11;0.92
11;0.7
11;0.72
11;0.82
11;0.86
11;0.74
11;0.84
11;0.76
11;0.78
11;0.82
11;0.76
11;0.92
11;0.8
11;0.86
11;0.78
11;0.74
12;0.78
12;0.88
12;0.8
12;0.84
12;0.8
12;0.8
12;0.86
12;0.78
12;0.86
12;0.8
12;0.8
12;0.8
12;0.88
12;0.9
12;0.86
12;0.84
12;0.96
12;0.66
12;0.7
12;0.8
12;0.86
12;0.82
12;0.88
12;0.8
12;0.82
13;0.84
13;0.72
13;0.9
13;0.74
13;0.78
13;0.88
13;0.86
13;0.78
13;0.82
13;0.82
13;0.82
13;0.74
13;0.8
13;0.8
13;0.86
13;0.84
13;0.8
13;0.8
13;0.88
13;0.74
13;0.9
13;0.82
13;0.74
13;0.84
13;0.8
14;0.9
14;0.8
14;0.86
14;0.82
14;0.84
14;0.8
14;0.88
14;0.8
14;0.72
14;0.82
14;0.8
14;0.84
14;0.76
14;0.92
14;0.82
14;0.84
14;0.86
14;0.74
14;0.78
14;0.92
14;0.8
14;0.82
14;0.88
14;0.9
14;0.86
15;0.72
15;0.76
15;0.8
15;0.86
15;0.84
15;0.88
15;0.8
15;0.88
15;0.92
15;0.8
15;0.74
15;0.82
15;0.9
15;0.86
15;0.86
15;0.82
15;0.78
15;0.84
15;0.86
15;0.8
15;0.84
15;0.82
15;0.78
15;0.86
15;0.84
16;0.94
16;0.88
16;0.84
16;0.8
16;0.8
16;0.8
16;0.84
16;0.92
16;0.86
16;0.72
16;0.9
16;0.82
16;0.9
16;0.84
16;0.64
16;0.9
16;0.82
16;0.9
16;0.84
16;0.82
16;0.8
16;0.78
16;0.68
16;0.88
16;0.9
17;0.86
17;0.8
17;0.8
17;0.88
17;0.86
17;0.9
17;0.9
17;0.86
17;0.72
17;0.84
17;0.86
17;0.78
17;0.84
17;0.9
17;0.68
17;0.88
17;0.88
17;0.78
17;0.84
17;0.8
17;0.76
17;0.82
17;0.76
17;0.8
17;0.78
18;0.92
18;0.92
18;0.84
18;0.96
18;0.86
18;0.8
18;0.8
18;0.82
18;0.72
18;0.84
18;0.7
18;0.88
18;0.82
18;0.86
18;0.84
18;0.78
18;0.86
18;0.82
18;0.88
18;0.76
18;0.76
18;0.76
18;0.8
18;0.86
18;0.86
19;0.76
19;0.86
19;0.8
19;0.82
19;0.94
19;0.88
19;0.78
19;0.86
19;0.88
19;0.88
19;0.7
19;0.92
19;0.82
19;0.76
19;0.84
19;0.84
19;0.88
19;0.8
19;0.78
19;0.82
19;0.8
19;0.7
19;0.9
19;0.8
19;0.9
20;0.78
20;0.82
20;0.82
20;0.8
20;0.76
20;0.82
20;0.84
20;0.86
20;0.84
20;0.9
20;0.66
20;0.86
20;0.82
20;0.88
20;0.84
20;0.86
20;0.82
20;0.84
20;0.88
20;0.86
20;0.9
20;0.78
20;0.9
20;0.88
20;0.84
21;0.84
21;0.82
21;0.88
21;0.88
21;0.76
21;0.88
21;0.6
21;0.88
21;0.82
21;0.92
21;0.76
21;0.88
21;0.82
21;0.86
21;0.84
21;0.86
21;0.74
21;0.68
21;0.72
21;0.9
21;0.76
21;0.86
21;0.82
21;0.8
21;0.82
22;0.86
22;0.9
22;0.94
22;0.8
22;0.92
22;0.84
22;0.88
22;0.82
22;0.92
22;0.9
22;0.74
22;0.7
22;0.84
22;0.94
22;0.92
22;0.88
22;0.92
22;0.72
22;0.82
22;0.9
22;0.76
22;0.86
22;0.84
22;0.92
22;0.88
23;0.88
23;0.86
23;0.88
23;0.88
23;0.88
23;0.8
23;0.84
23;0.8
23;0.82
23;0.86
23;0.86
23;0.9
23;0.72
23;0.84
23;0.82
23;0.88
23;0.78
23;0.78
23;0.82
23;0.84
23;0.96
23;0.92
23;0.8
23;0.84
23;0.84
24;0.92
24;0.94
24;0.9
24;0.82
24;0.76
24;0.86
24;0.88
24;0.98
24;0.78
24;0.76
24;0.88
24;0.9
24;0.78
24;0.9
24;0.9
24;0.92
24;0.82
24;0.92
24;0.86
24;0.92
24;0.76
24;0.92
24;0.9
24;0.9
24;0.9
25;0.8
25;0.8
25;0.94
25;0.88
25;0.84
25;0.96
25;0.8
25;0.78
25;0.92
25;0.9
25;0.88
25;0.84
25;0.86
25;0.82
25;0.8
25;0.82
25;0.94
25;0.92
25;0.86
25;0.86
25;0.84
25;0.92
25;0.8
25;0.9
25;0.88
26;0.86
26;0.78
26;0.94
26;0.82
26;0.94
26;0.94
26;0.88
26;0.82
26;0.88
26;0.82
26;0.84
26;0.82
26;0.86
26;0.94
26;0.86
26;0.94
26;0.86
26;0.88
26;0.82
26;0.82
26;0.9
26;0.86
26;0.8
26;0.88
26;0.8
27;0.92
27;0.88
27;0.92
27;0.88
27;0.8
27;0.84
27;0.88
27;0.82
27;0.86
27;0.84
27;0.86
27;0.86
27;0.78
27;0.74
27;0.9
27;0.86
27;0.86
27;0.84
27;0.88
27;0.9
27;0.82
27;0.9
27;0.84
27;0.94
27;0.88
28;0.92
28;0.82
28;0.86
28;0.88
28;0.96
28;0.76
28;0.88
28;0.88
28;0.98
28;0.96
28;0.82
28;0.74
28;0.92
28;0.76
28;0.84
28;0.84
28;0.86
28;0.94
28;0.82
28;0.84
28;0.88
28;0.82
28;0.92
28;0.84
28;0.76
29;0.9
29;0.86
29;0.84
29;0.84
29;0.94
29;0.9
29;0.92
29;0.98
29;0.9
29;0.8
29;0.86
29;0.82
29;0.94
29;0.88
29;0.88
29;0.92
29;0.96
29;0.8
29;0.82
29;0.86
29;0.92
29;0.8
29;0.92
29;0.86
29;0.86
30;0.84
30;0.78
30;0.86
30;0.9
30;0.82
30;0.94
30;0.92
30;0.86
30;0.76
30;0.84
30;0.84
30;0.84
30;0.86
30;0.82
30;0.82
30;0.86
30;0.88
30;0.9
30;0.82
30;0.86
30;0.86
30;0.9
30;0.92
30;0.9
30;0.86
31;0.84
31;0.88
31;0.94
31;0.94
31;0.84
31;0.86
31;0.9
31;0.86
31;0.84
31;0.88
31;0.9
31;0.86
31;0.88
31;0.86
31;0.94
31;0.9
31;0.9
31;0.88
31;0.9
31;0.9
31;0.88
31;0.88
31;0.88
31;0.9
31;0.86
32;0.88
32;0.78
32;0.9
32;0.9
32;0.88
32;0.9
32;0.84
32;0.9
32;0.98
32;0.9
32;0.94
32;0.88
32;0.88
32;0.92
32;0.98
32;0.92
32;0.86
32;0.84
32;0.86
32;0.86
32;0.86
32;0.9
32;0.9
32;0.96
32;0.96
33;0.92
33;0.84
33;0.86
33;0.74
33;0.88
33;0.86
33;0.84
33;0.86
33;0.94
33;0.92
33;0.94
33;0.9
33;0.9
33;0.86
33;0.96
33;0.84
33;0.88
33;0.84
33;0.88
33;0.86
33;0.86
33;0.84
33;0.8
33;0.86
33;0.92
34;0.82
34;0.92
34;0.88
34;0.92
34;0.76
34;0.86
34;0.9
34;0.88
34;0.92
34;0.82
34;0.9
34;0.88
34;0.86
34;0.84
34;0.88
34;0.84
34;0.88
34;0.94
34;0.86
34;0.88
34;0.9
34;0.96
34;0.82
34;0.82
34;0.82
35;0.86
35;0.78
35;0.9
35;0.94
35;0.78
35;0.8
35;0.92
35;0.9
35;0.8
35;0.86
35;0.92
35;0.88
35;0.88
35;0.84
35;0.84
35;0.8
35;0.84
35;0.92
35;0.9
35;0.86
35;0.76
35;0.92
35;0.84
35;0.88
35;0.84
36;0.9
36;0.88
36;0.84
36;0.94
36;0.86
36;0.82
36;0.88
36;0.82
36;0.92
36;0.84
36;0.86
36;0.88
36;0.86
36;0.8
36;0.74
36;0.88
36;0.84
36;0.94
36;0.86
36;0.82
36;0.82
36;0.9
36;0.92
36;0.82
36;0.92
37;0.86
37;0.9
37;0.84
37;0.92
37;0.98
37;0.88
37;0.9
37;0.9
37;0.98
37;0.86
37;0.92
37;0.88
37;0.76
37;0.88
37;0.86
37;0.86
37;0.84
37;0.88
37;0.92
37;0.92
37;0.9
37;0.88
37;0.9
37;0.9
37;0.94
38;0.8
38;0.98
38;0.9
38;0.86
38;0.86
38;0.96
38;0.84
38;0.84
38;0.86
38;0.88
38;0.88
38;0.96
38;0.92
38;0.84
38;0.86
38;0.82
38;0.96
38;0.96
38;0.88
38;0.9
38;0.94
38;0.84
38;0.76
38;0.86
38;0.92
39;0.86
39;0.9
39;0.82
39;0.96
39;0.86
39;0.8
39;0.9
39;0.92
39;0.92
39;1
39;0.88
39;0.8
39;0.88
39;0.9
39;0.82
39;0.94
39;0.92
39;0.88
39;0.84
39;0.8
39;0.82
39;0.86
39;0.9
39;0.92
39;0.94
40;0.9
40;0.88
40;0.86
40;0.94
40;0.88
40;0.98
40;0.92
40;0.92
40;0.92
40;0.88
40;0.82
40;0.86
40;0.82
40;0.96
40;0.94
40;0.9
40;0.92
40;0.86
40;0.92
40;0.9
40;0.9
40;0.94
40;0.84
40;0.92
40;0.82
41;0.88
41;0.92
41;0.9
41;0.94
41;0.94
41;0.92
41;0.9
41;0.84
41;0.94
41;0.92
41;0.82
41;0.92
41;0.88
41;0.88
41;0.88
41;0.9
41;0.9
41;0.88
41;0.94
41;0.82
41;0.86
41;0.94
41;0.92
41;0.84
41;0.84
42;0.88
42;0.88
42;0.92
42;0.86
42;0.9
42;0.92
42;0.9
42;0.88
42;0.94
42;0.86
42;0.92
42;0.8
42;0.88
42;0.9
42;0.94
42;0.88
42;0.88
42;0.9
42;0.9
42;0.92
42;0.88
42;0.94
42;0.94
42;0.82
42;0.9
43;0.9
43;0.9
43;0.94
43;0.94
43;0.9
43;0.86
43;0.8
43;0.96
43;0.88
43;0.94
43;0.86
43;0.9
43;0.92
43;0.86
43;0.84
43;0.8
43;0.82
43;0.88
43;0.92
43;1
43;0.88
43;0.94
43;0.9
43;0.9
43;0.94
44;0.9
44;0.92
44;0.88
44;0.88
44;0.86
44;0.88
44;0.84
44;0.86
44;0.8
44;0.96
44;0.92
44;0.9
44;0.9
44;0.86
44;0.92
44;0.82
44;0.88
44;0.88
44;0.96
44;0.86
44;0.86
44;0.92
44;0.82
44;0.86
44;0.98
45;0.86
45;0.88
45;0.96
45;0.8
45;0.96
45;0.9
45;0.9
45;0.86
45;0.92
45;0.82
45;0.7
45;0.92
45;0.88
45;0.88
45;0.86
45;0.88
45;0.86
45;0.84
45;0.74
45;0.94
45;0.9
45;0.94
45;0.9
45;0.98
45;0.88
46;0.88
46;0.92
46;0.94
46;0.88
46;0.88
46;0.9
46;0.88
46;0.86
46;0.92
46;0.92
46;0.86
46;0.88
46;0.8
46;0.9
46;0.82
46;0.88
46;0.92
46;0.88
46;0.88
46;0.94
46;0.92
46;0.88
46;0.94
46;0.86
46;0.94
47;0.88
47;0.96
47;0.9
47;0.94
47;0.92
47;0.92
47;0.96
47;0.9
47;0.94
47;0.88
47;0.86
47;0.9
47;0.9
47;0.86
47;0.86
47;0.88
47;0.84
47;0.98
47;0.88
47;0.96
47;0.94
47;0.98
47;0.86
47;0.84
47;0.86
48;0.86
48;0.82
48;0.98
48;0.96
48;0.96
48;0.98
48;0.96
48;0.88
48;0.94
48;0.88
48;0.84
48;0.9
48;0.92
48;0.82
48;0.92
48;0.9
48;0.92
48;0.88
48;0.98
48;0.68
48;0.92
48;0.94
48;0.9
48;0.96
48;0.98
49;0.92
49;0.86
49;0.98
49;0.9
49;0.94
49;0.96
49;0.92
49;0.96
49;0.96
49;0.92
49;0.92
49;0.86
49;0.92
49;0.94
49;0.96
49;0.92
49;0.94
49;0.86
49;0.94
49;0.96
49;0.88
49;0.92
49;0.96
49;0.92
49;0.9
