Generation;Average Moves To Win;Average Moves To Lose
0;16;16
0;18;17
0;15;19
0;17;21
0;18;13
0;16;15
0;14;15
0;18;14
0;16;12
0;18;24
0;17;19
0;15;21
0;18;14
0;20;15
0;21;16
0;19;12
0;20;22
0;15;17
0;19;12
0;22;24
0;23;17
0;15;18
0;16;21
0;13;20
0;20;24
0;18;18
0;21;15
0;15;15
0;14;16
0;11;18
0;16;24
0;18;20
0;24;17
0;12;17
0;15;17
0;12;16
0;13;13
0;17;22
0;16;17
0;22;17
0;13;15
0;17;17
0;21;16
0;23;26
0;21;16
0;15;12
0;16;15
0;17;11
0;15;22
0;20;13
0;13;19
0;17;17
0;18;14
0;13;21
0;14;16
0;18;17
0;16;18
0;18;21
0;16;18
0;21;20
0;16;21
0;20;22
0;19;20
0;22;18
0;18;25
0;21;18
0;17;21
0;25;16
0;25;13
0;19;14
0;15;11
0;19;16
0;16;17
0;16;19
0;20;14
0;15;20
0;16;22
0;23;16
0;17;26
0;13;15
0;17;20
0;20;20
0;18;15
0;11;16
0;13;10
0;16;17
0;20;13
0;20;17
0;17;16
0;18;20
0;14;18
0;15;16
0;19;15
0;13;12
0;16;15
0;19;20
0;22;23
0;13;20
0;13;22
0;17;16
1;14;17
1;16;14
1;13;15
1;18;13
1;15;23
1;20;17
1;16;20
1;14;19
1;20;14
1;18;12
1;19;22
1;12;16
1;14;15
1;15;16
1;16;18
1;16;27
1;16;21
1;24;19
1;17;17
1;14;18
1;13;20
1;17;20
1;17;15
1;16;19
1;19;19
1;20;15
1;20;21
1;15;22
1;13;22
1;16;23
1;15;15
1;22;18
1;21;14
1;11;13
1;16;14
1;13;18
1;21;23
1;18;19
1;15;18
1;15;15
1;19;20
1;17;13
1;16;12
1;16;14
1;14;24
1;17;17
1;15;18
1;15;17
1;18;13
1;17;17
1;14;17
1;14;18
1;14;17
1;17;19
1;22;13
1;17;24
1;22;15
1;11;9
1;13;16
1;18;23
1;13;17
1;23;16
1;14;15
1;16;30
1;24;13
1;18;15
1;21;18
1;15;13
1;16;19
1;16;12
1;24;19
1;13;20
1;15;24
1;16;14
1;14;21
1;15;19
1;17;16
1;11;19
1;17;20
1;16;16
1;15;17
1;18;17
1;15;14
1;15;21
1;13;19
1;16;22
1;17;18
1;12;15
1;21;16
1;17;22
1;18;15
1;21;22
1;19;18
1;21;18
1;19;26
1;17;16
1;14;20
1;19;42
1;27;19
1;14;18
2;12;14
2;13;14
2;20;26
2;14;14
2;20;19
2;19;16
2;16;19
2;17;15
2;16;13
2;16;22
2;20;19
2;12;16
2;14;11
2;13;14
2;16;26
2;17;17
2;17;24
2;15;14
2;24;15
2;17;15
2;18;11
2;13;17
2;12;15
2;19;20
2;14;17
2;17;18
2;12;18
2;12;12
2;14;13
2;13;23
2;16;21
2;15;20
2;18;16
2;16;20
2;15;15
2;26;21
2;21;17
2;20;10
2;19;18
2;17;12
2;16;17
2;14;13
2;19;26
2;14;16
2;14;17
2;17;24
2;15;23
2;15;14
2;18;17
2;25;21
2;17;18
2;11;10
2;16;18
2;14;18
2;13;20
2;17;16
2;18;17
2;13;26
2;17;22
2;18;18
2;16;22
2;9;16
2;13;17
2;20;25
2;15;23
2;12;21
2;15;20
2;16;15
2;18;17
2;19;19
2;21;21
2;13;14
2;14;17
2;18;13
2;17;15
2;16;15
2;19;16
2;13;17
2;16;15
2;18;16
2;19;21
2;23;19
2;17;16
2;15;14
2;14;17
2;13;16
2;12;17
2;18;13
2;16;17
2;16;17
2;20;17
2;12;21
2;16;14
2;19;19
2;12;15
2;14;0
2;19;20
2;15;14
2;16;12
2;15;21
3;15;23
3;16;19
3;16;18
3;18;20
3;14;23
3;17;19
3;15;14
3;15;19
3;13;15
3;13;10
3;15;13
3;20;19
3;18;19
3;14;17
3;14;17
3;13;22
3;20;19
3;17;18
3;14;17
3;14;14
3;17;15
3;12;14
3;20;24
3;17;11
3;16;15
3;17;14
3;16;21
3;13;18
3;22;23
3;18;18
3;16;12
3;18;14
3;14;12
3;17;19
3;19;13
3;17;24
3;15;21
3;13;14
3;12;14
3;14;20
3;13;15
3;14;15
3;14;20
3;17;15
3;15;0
3;17;19
3;14;18
3;13;13
3;14;15
3;13;22
3;16;15
3;16;18
3;17;17
3;23;24
3;18;12
3;20;23
3;21;14
3;16;17
3;19;24
3;16;20
3;15;17
3;16;14
3;14;19
3;15;20
3;14;21
3;19;13
3;11;13
3;14;15
3;16;18
3;14;21
3;18;20
3;14;17
3;15;14
3;16;15
3;17;9
3;8;0
3;14;11
3;11;15
3;14;18
3;14;18
3;16;25
3;15;16
3;13;15
3;17;25
3;14;17
3;17;19
3;12;14
3;14;17
3;19;15
3;11;15
3;18;13
3;18;18
3;18;22
3;13;16
3;18;16
3;10;12
3;20;12
3;22;21
3;14;25
3;16;19
4;18;20
4;17;14
4;15;20
4;18;16
4;18;25
4;16;24
4;16;20
4;16;18
4;14;14
4;11;19
4;14;22
4;19;17
4;19;26
4;15;13
4;13;20
4;13;14
4;17;17
4;16;23
4;14;19
4;13;15
4;15;28
4;16;16
4;14;15
4;13;21
4;19;17
4;13;13
4;17;16
4;17;18
4;18;13
4;16;21
4;16;15
4;16;21
4;13;16
4;17;15
4;15;16
4;16;16
4;18;15
4;18;21
4;8;15
4;14;29
4;16;14
4;19;14
4;18;22
4;14;21
4;16;26
4;17;18
4;19;29
4;17;19
4;18;18
4;10;15
4;17;14
4;13;20
4;15;21
4;14;18
4;15;14
4;15;11
4;21;17
4;18;16
4;16;22
4;18;24
4;15;15
4;18;14
4;21;16
4;10;18
4;16;15
4;19;14
4;17;21
4;13;21
4;16;18
4;19;18
4;13;19
4;17;22
4;16;14
4;15;12
4;18;21
4;13;18
4;17;16
4;19;18
4;18;11
4;11;12
4;18;15
4;19;13
4;18;17
4;18;24
4;16;20
4;17;17
4;14;18
4;18;32
4;23;16
4;20;23
4;16;18
4;13;12
4;14;16
4;16;29
4;13;23
4;15;16
4;14;16
4;15;13
4;18;13
4;16;16
5;15;18
5;17;13
5;15;18
5;15;17
5;16;20
5;18;29
5;20;18
5;20;19
5;14;19
5;12;15
5;14;24
5;16;15
5;16;19
5;13;30
5;22;20
5;17;14
5;13;21
5;13;23
5;15;17
5;16;18
5;21;18
5;13;17
5;21;18
5;15;10
5;16;13
5;17;14
5;17;19
5;16;9
5;15;18
5;16;23
5;17;11
5;10;17
5;16;19
5;13;21
5;20;18
5;20;15
5;14;16
5;15;22
5;17;16
5;18;22
5;15;13
5;17;20
5;20;29
5;12;15
5;14;14
5;14;12
5;15;16
5;19;15
5;19;18
5;13;18
5;17;21
5;16;15
5;14;15
5;18;28
5;19;20
5;23;16
5;16;24
5;13;18
5;18;19
5;16;24
5;18;20
5;16;17
5;18;16
5;13;21
5;16;11
5;16;24
5;12;23
5;17;16
5;14;14
5;13;24
5;15;22
5;14;14
5;17;11
5;17;23
5;20;14
5;16;20
5;15;18
5;17;15
5;14;16
5;14;16
5;14;21
5;17;19
5;16;23
5;10;22
5;17;0
5;16;13
5;17;21
5;15;14
5;17;18
5;11;19
5;21;18
5;18;13
5;15;21
5;14;18
5;15;17
5;16;21
5;17;13
5;13;24
5;17;20
5;14;15
6;12;12
6;16;26
6;15;16
6;16;27
6;14;14
6;16;14
6;17;14
6;14;17
6;16;18
6;20;24
6;18;15
6;16;14
6;17;24
6;18;13
6;15;25
6;18;18
6;14;16
6;14;27
6;19;14
6;19;19
6;19;18
6;16;17
6;16;14
6;19;23
6;12;20
6;18;11
6;19;13
6;11;23
6;15;19
6;15;22
6;15;16
6;19;21
6;19;22
6;17;19
6;13;16
6;17;18
6;12;26
6;22;13
6;19;19
6;14;19
6;14;17
6;20;21
6;18;14
6;16;19
6;15;29
6;14;12
6;21;17
6;15;23
6;19;18
6;14;20
6;19;20
6;14;19
6;13;18
6;16;17
6;16;12
6;15;15
6;15;13
6;15;19
6;16;23
6;17;16
6;14;25
6;16;16
6;15;17
6;14;19
6;22;26
6;14;18
6;13;26
6;12;24
6;16;14
6;15;21
6;17;15
6;14;16
6;22;21
6;18;17
6;26;21
6;21;20
6;16;20
6;11;23
6;17;16
6;17;14
6;17;15
6;13;14
6;15;20
6;16;21
6;15;18
6;15;22
6;13;21
6;18;15
6;19;27
6;16;18
6;18;24
6;16;0
6;14;13
6;19;20
6;14;16
6;17;20
6;13;20
6;16;20
6;16;15
6;14;9
7;18;17
7;17;12
7;16;15
7;16;23
7;16;17
7;19;12
7;18;23
7;14;24
7;16;15
7;13;17
7;23;21
7;18;15
7;17;22
7;18;19
7;18;18
7;18;20
7;13;15
7;16;30
7;17;12
7;18;18
7;15;14
7;14;12
7;15;27
7;13;15
7;13;13
7;16;17
7;15;14
7;13;19
7;15;21
7;13;18
7;23;18
7;17;31
7;13;21
7;15;26
7;16;28
7;13;19
7;17;13
7;18;11
7;17;25
7;18;17
7;14;17
7;14;13
7;13;17
7;17;18
7;20;17
7;17;23
7;17;21
7;15;23
7;18;22
7;14;19
7;12;13
7;20;18
7;14;14
7;12;17
7;16;20
7;11;12
7;18;17
7;18;13
7;17;28
7;15;30
7;11;14
7;16;20
7;16;21
7;16;17
7;16;18
7;15;16
7;16;28
7;16;15
7;19;22
7;15;16
7;17;16
7;16;12
7;17;17
7;15;20
7;13;21
7;14;19
7;13;21
7;16;21
7;19;15
7;12;15
7;16;11
7;14;15
7;15;11
7;18;13
7;15;18
7;16;16
7;26;27
7;18;29
7;12;15
7;14;17
7;16;23
7;18;27
7;14;12
7;16;16
7;20;27
7;15;11
7;17;16
7;19;24
7;18;23
7;21;20
8;18;13
8;16;15
8;15;14
8;16;16
8;17;17
8;18;20
8;17;13
8;14;13
8;18;25
8;12;14
8;18;24
8;14;16
8;18;27
8;21;19
8;16;20
8;17;21
8;12;18
8;12;12
8;17;19
8;14;19
8;14;23
8;20;17
8;18;14
8;21;19
8;15;18
8;16;17
8;19;17
8;18;22
8;14;17
8;15;16
8;17;16
8;12;14
8;16;16
8;13;22
8;11;20
8;14;18
8;18;19
8;14;22
8;16;14
8;10;17
8;17;12
8;16;18
8;17;17
8;16;15
8;14;20
8;17;18
8;17;21
8;16;16
8;15;17
8;16;15
8;11;22
8;16;26
8;17;15
8;19;18
8;17;25
8;14;15
8;17;15
8;16;13
8;12;17
8;16;16
8;11;18
8;16;19
8;15;14
8;7;13
8;16;13
8;15;23
8;15;13
8;11;20
8;15;18
8;15;17
8;17;14
8;18;16
8;15;19
8;15;10
8;15;15
8;17;20
8;13;22
8;15;14
8;13;15
8;14;17
8;14;17
8;18;20
8;14;19
8;16;17
8;16;15
8;18;18
8;14;26
8;13;19
8;15;15
8;17;22
8;16;19
8;15;22
8;14;20
8;14;25
8;20;15
8;14;13
8;19;20
8;16;22
8;15;14
8;16;15
9;14;11
9;13;20
9;15;26
9;16;23
9;15;20
9;16;20
9;16;19
9;17;20
9;16;15
9;13;18
9;12;19
9;17;14
9;17;9
9;13;16
9;16;15
9;17;21
9;10;22
9;15;13
9;14;20
9;13;13
9;16;15
9;12;18
9;16;16
9;14;19
9;19;20
9;10;28
9;16;17
9;15;14
9;16;18
9;16;19
9;15;14
9;13;18
9;13;15
9;16;31
9;12;23
9;20;21
9;15;19
9;17;19
9;14;0
9;15;20
9;18;22
9;21;29
9;15;16
9;16;31
9;14;11
9;18;15
9;14;18
9;23;22
9;12;21
9;18;19
9;20;18
9;17;16
9;16;15
9;17;18
9;17;20
9;18;21
9;19;23
9;17;19
9;18;12
9;15;19
9;10;16
9;17;14
9;11;22
9;14;19
9;15;14
9;16;15
9;16;14
9;16;21
9;12;16
9;17;30
9;21;17
9;11;14
9;18;17
9;11;12
9;24;18
9;17;20
9;18;13
9;14;29
9;14;15
9;13;27
9;18;15
9;17;19
9;20;15
9;14;19
9;17;15
9;15;21
9;13;14
9;14;16
9;10;19
9;15;19
9;12;18
9;12;11
9;16;15
9;10;15
9;11;10
9;15;24
9;16;22
9;16;21
9;16;14
9;15;20
10;15;23
10;11;19
10;16;26
10;20;20
10;15;33
10;18;23
10;17;19
10;17;18
10;16;18
10;15;29
10;12;17
10;12;18
10;16;20
10;12;22
10;13;16
10;18;21
10;14;25
10;14;17
10;15;15
10;17;16
10;19;31
10;14;22
10;15;17
10;14;13
10;18;15
10;19;21
10;13;18
10;17;24
10;16;20
10;14;15
10;19;23
10;15;23
10;16;13
10;16;16
10;17;17
10;17;17
10;16;17
10;14;10
10;16;18
10;16;14
10;15;17
10;16;19
10;19;17
10;17;17
10;15;18
10;15;19
10;14;11
10;17;25
10;13;16
10;14;18
10;12;14
10;14;24
10;17;13
10;18;16
10;19;23
10;15;12
10;12;15
10;16;16
10;13;19
10;13;15
10;21;16
10;17;17
10;17;17
10;16;16
10;15;13
10;13;25
10;17;15
10;20;16
10;18;15
10;12;19
10;21;19
10;14;9
10;14;33
10;14;11
10;20;14
10;14;19
10;14;35
10;14;24
10;17;13
10;18;13
10;15;19
10;18;13
10;16;14
10;12;12
10;14;18
10;13;13
10;16;17
10;9;26
10;15;18
10;13;12
10;15;18
10;15;16
10;10;15
10;15;12
10;12;13
10;15;18
10;21;22
10;13;21
10;16;12
10;12;17
11;8;16
11;20;17
11;12;22
11;15;29
11;16;15
11;21;29
11;17;18
11;15;22
11;19;22
11;16;26
11;17;21
11;10;18
11;17;16
11;17;20
11;17;23
11;20;25
11;16;17
11;19;19
11;12;16
11;16;13
11;17;23
11;16;20
11;18;16
11;17;22
11;13;15
11;15;19
11;15;17
11;11;24
11;15;13
11;21;19
11;15;13
11;18;20
11;18;20
11;13;18
11;13;16
11;16;23
11;15;15
11;14;17
11;14;17
11;13;12
11;15;22
11;16;18
11;11;14
11;19;19
11;16;20
11;14;13
11;15;15
11;15;18
11;18;20
11;14;23
11;15;12
11;17;19
11;18;19
11;13;16
11;24;16
11;18;17
11;12;14
11;13;19
11;18;17
11;17;21
11;20;18
11;15;16
11;15;19
11;12;36
11;17;24
11;18;18
11;13;17
11;12;15
11;14;18
11;13;15
11;12;22
11;13;20
11;21;17
11;13;14
11;17;22
11;17;20
11;16;19
11;17;25
11;16;18
11;23;17
11;20;30
11;21;18
11;16;15
11;13;20
11;17;22
11;16;22
11;15;23
11;18;19
11;11;18
11;15;26
11;12;16
11;13;14
11;15;21
11;16;24
11;19;13
11;19;18
11;15;20
11;17;34
11;18;15
11;9;16
12;16;16
12;16;12
12;13;18
12;22;0
12;15;13
12;16;20
12;16;22
12;14;18
12;11;24
12;15;16
12;14;14
12;19;19
12;9;14
12;19;21
12;13;20
12;18;27
12;11;18
12;16;18
12;15;16
12;15;14
12;10;17
12;16;25
12;13;15
12;16;12
12;17;39
12;24;21
12;15;15
12;14;20
12;16;25
12;11;17
12;19;19
12;10;17
12;17;28
12;14;23
12;15;14
12;16;18
12;15;29
12;16;23
12;18;21
12;18;14
12;20;15
12;15;37
12;10;17
12;15;28
12;19;19
12;10;17
12;16;18
12;19;16
12;19;15
12;18;33
12;16;25
12;15;22
12;14;18
12;17;22
12;22;22
12;16;13
12;15;29
12;17;14
12;19;18
12;18;25
12;11;14
12;15;29
12;20;23
12;18;19
12;12;19
12;18;22
12;19;13
12;13;20
12;11;16
12;10;16
12;11;24
12;11;17
12;16;26
12;19;17
12;18;15
12;15;27
12;18;28
12;14;15
12;10;15
12;18;15
12;11;16
12;16;12
12;15;14
12;14;19
12;12;20
12;13;21
12;13;19
12;13;14
12;19;22
12;15;14
12;16;25
12;18;13
12;12;17
12;12;10
12;15;21
12;14;14
12;14;14
12;18;30
12;15;22
12;15;23
13;15;21
13;17;15
13;17;22
13;12;24
13;16;25
13;17;24
13;13;10
13;16;25
13;17;19
13;14;12
13;18;21
13;14;25
13;14;30
13;21;15
13;14;27
13;19;23
13;16;21
13;19;30
13;17;14
13;22;18
13;15;17
13;15;36
13;18;24
13;13;11
13;19;20
13;17;20
13;15;19
13;10;18
13;10;17
13;15;24
13;14;15
13;19;13
13;17;16
13;16;17
13;14;15
13;15;15
13;16;15
13;12;23
13;10;31
13;21;20
13;19;25
13;15;30
13;19;20
13;11;19
13;12;18
13;14;13
13;15;24
13;17;17
13;21;23
13;14;42
13;16;15
13;26;19
13;17;10
13;15;14
13;18;14
13;17;19
13;17;18
13;10;22
13;14;19
13;15;17
13;16;20
13;16;27
13;12;8
13;15;18
13;17;24
13;17;19
13;19;31
13;17;20
13;19;18
13;14;15
13;15;20
13;10;17
13;18;12
13;14;27
13;13;0
13;17;20
13;18;16
13;14;20
13;16;19
13;14;15
13;15;14
13;11;21
13;22;22
13;11;8
13;21;17
13;10;16
13;15;20
13;16;35
13;14;19
13;15;15
13;14;27
13;15;19
13;14;21
13;18;28
13;13;25
13;14;23
13;18;13
13;16;23
13;17;23
13;14;17
14;13;23
14;12;0
14;19;0
14;16;19
14;19;16
14;14;16
14;15;16
14;15;18
14;11;19
14;21;16
14;17;16
14;17;17
14;13;19
14;15;24
14;15;24
14;14;28
14;14;17
14;15;21
14;19;18
14;18;21
14;18;24
14;18;20
14;17;0
14;19;30
14;21;25
14;12;22
14;16;17
14;16;14
14;12;16
14;18;21
14;14;18
14;18;19
14;19;24
14;16;19
14;15;18
14;19;0
14;15;24
14;20;17
14;14;16
14;23;27
14;13;28
14;17;18
14;18;21
14;14;15
14;18;20
14;18;42
14;19;11
14;15;20
14;13;16
14;17;27
14;13;20
14;19;27
14;10;30
14;15;24
14;17;20
14;19;18
14;12;17
14;14;21
14;16;11
14;22;16
14;14;24
14;17;18
14;19;23
14;16;0
14;13;24
14;14;12
14;18;20
14;17;13
14;14;13
14;19;26
14;18;0
14;12;0
14;13;22
14;18;20
14;15;0
14;15;22
14;15;16
14;14;14
14;23;0
14;13;17
14;14;8
14;19;18
14;16;17
14;13;19
14;14;21
14;16;22
14;15;24
14;15;24
14;13;22
14;13;15
14;10;16
14;15;21
14;13;23
14;19;21
14;12;14
14;18;18
14;13;15
14;11;16
14;21;18
14;12;19
15;15;0
15;12;20
15;11;17
15;15;11
15;16;22
15;22;23
15;17;25
15;10;19
15;16;29
15;11;24
15;16;23
15;13;13
15;21;13
15;18;19
15;13;14
15;14;18
15;18;27
15;18;17
15;15;27
15;9;16
15;14;17
15;15;15
15;15;26
15;21;13
15;15;14
15;18;30
15;17;22
15;17;14
15;21;24
15;14;17
15;16;26
15;11;23
15;14;19
15;17;21
15;16;17
15;14;18
15;15;21
15;18;19
15;17;20
15;14;30
15;16;33
15;14;28
15;15;25
15;12;11
15;16;20
15;17;7
15;15;18
15;13;18
15;14;13
15;14;18
15;19;23
15;16;22
15;17;9
15;18;16
15;13;24
15;15;24
15;17;19
15;19;17
15;16;25
15;13;9
15;13;24
15;16;17
15;17;19
15;14;7
15;21;20
15;15;19
15;15;18
15;13;13
15;17;17
15;19;13
15;13;20
15;14;21
15;12;16
15;18;12
15;12;16
15;14;27
15;12;22
15;17;31
15;15;20
15;15;22
15;11;16
15;12;14
15;18;21
15;25;18
15;14;14
15;16;26
15;16;17
15;16;27
15;13;17
15;20;13
15;16;15
15;16;28
15;18;29
15;14;14
15;15;18
15;18;10
15;14;0
15;15;27
15;17;24
15;11;19
16;12;21
16;22;21
16;14;13
16;15;36
16;16;33
16;13;26
16;16;12
16;17;19
16;13;20
16;15;23
16;8;17
16;13;24
16;11;22
16;14;23
16;14;20
16;13;17
16;23;26
16;17;14
16;15;27
16;12;22
16;16;21
16;13;27
16;16;42
16;16;25
16;21;19
16;16;41
16;19;34
16;15;24
16;19;30
16;11;19
16;15;25
16;16;0
16;17;16
16;17;14
16;14;25
16;18;25
16;17;20
16;21;21
16;13;18
16;20;20
16;17;19
16;13;23
16;13;17
16;17;19
16;11;20
16;17;17
16;16;35
16;12;33
16;16;26
16;15;11
16;14;21
16;15;15
16;13;31
16;20;42
16;16;33
16;15;26
16;14;31
16;18;7
16;17;20
16;16;11
16;15;22
16;13;26
16;17;9
16;15;15
16;13;19
16;14;19
16;16;31
16;16;23
16;17;24
16;12;25
16;16;21
16;13;24
16;22;0
16;16;20
16;18;25
16;18;30
16;14;19
16;15;20
16;16;18
16;16;20
16;14;20
16;18;38
16;15;30
16;14;11
16;15;13
16;16;28
16;20;23
16;13;24
16;17;19
16;20;15
16;16;19
16;15;26
16;18;18
16;13;19
16;20;35
16;17;16
16;18;12
16;10;19
16;12;16
16;13;26
17;19;37
17;23;28
17;15;23
17;13;17
17;16;33
17;18;25
17;15;28
17;13;20
17;18;24
17;18;15
17;10;17
17;18;24
17;14;28
17;12;21
17;15;0
17;16;0
17;15;15
17;14;19
17;20;42
17;17;22
17;14;30
17;16;16
17;10;14
17;14;36
17;15;19
17;15;15
17;19;28
17;22;21
17;9;20
17;9;17
17;17;31
17;17;28
17;15;12
17;14;23
17;18;29
17;14;15
17;17;14
17;11;16
17;14;17
17;15;22
17;13;25
17;17;25
17;16;24
17;16;17
17;20;19
17;20;42
17;19;13
17;17;21
17;9;23
17;20;29
17;16;28
17;19;26
17;18;27
17;21;21
17;18;33
17;16;29
17;19;18
17;22;18
17;18;24
17;19;14
17;20;31
17;16;11
17;13;16
17;17;19
17;17;16
17;16;38
17;18;18
17;16;20
17;22;15
17;17;29
17;18;21
17;13;22
17;18;25
17;15;21
17;18;13
17;17;31
17;13;15
17;11;25
17;16;25
17;13;17
17;19;17
17;18;18
17;12;25
17;18;28
17;14;28
17;17;37
17;18;28
17;15;24
17;20;20
17;18;30
17;11;0
17;14;0
17;19;28
17;15;21
17;16;19
17;15;17
17;12;16
17;19;15
17;17;19
17;20;24
18;14;27
18;13;20
18;19;19
18;19;0
18;12;37
18;19;28
18;14;19
18;18;22
18;17;25
18;14;19
18;14;20
18;15;31
18;16;30
18;16;30
18;18;24
18;21;25
18;16;0
18;21;15
18;19;30
18;17;31
18;12;14
18;14;20
18;15;22
18;12;12
18;20;26
18;21;18
18;21;22
18;25;20
18;15;21
18;14;19
18;21;15
18;17;26
18;18;22
18;16;24
18;9;16
18;16;14
18;15;21
18;12;20
18;13;22
18;15;0
18;18;37
18;14;24
18;13;17
18;15;32
18;12;23
18;18;21
18;16;16
18;19;23
18;20;23
18;17;18
18;16;27
18;13;16
18;22;27
18;13;18
18;13;21
18;15;19
18;15;27
18;16;25
18;17;11
18;11;31
18;16;21
18;12;18
18;22;17
18;13;20
18;18;25
18;13;18
18;18;13
18;12;26
18;21;26
18;11;18
18;16;25
18;16;24
18;10;18
18;16;16
18;15;29
18;11;18
18;15;17
18;17;26
18;17;0
18;19;35
18;12;16
18;14;25
18;13;34
18;17;19
18;14;20
18;18;0
18;13;23
18;16;27
18;16;23
18;13;31
18;17;18
18;14;27
18;17;42
18;14;30
18;14;20
18;15;17
18;14;21
18;19;20
18;15;18
18;17;24
19;19;32
19;14;27
19;17;27
19;12;15
19;18;21
19;15;26
19;14;22
19;18;0
19;12;22
19;15;15
19;19;16
19;17;12
19;20;0
19;19;19
19;18;17
19;16;35
19;14;27
19;12;15
19;17;21
19;15;25
19;14;26
19;15;31
19;15;36
19;17;42
19;18;14
19;21;38
19;18;27
19;22;13
19;15;18
19;15;16
19;19;24
19;13;15
19;15;25
19;14;22
19;15;30
19;16;19
19;17;14
19;17;25
19;13;22
19;18;23
19;13;23
19;16;27
19;16;17
19;19;13
19;19;16
19;14;21
19;15;25
19;17;21
19;16;23
19;14;34
19;17;30
19;18;10
19;15;24
19;15;25
19;19;18
19;14;19
19;15;15
19;19;31
19;16;17
19;15;12
19;11;35
19;15;14
19;11;17
19;18;32
19;16;26
19;19;8
19;17;18
19;16;35
19;18;25
19;11;18
19;13;12
19;12;21
19;20;14
19;19;21
19;13;21
19;16;16
19;16;42
19;18;26
19;13;20
19;21;34
19;20;19
19;18;40
19;13;13
19;14;25
19;20;0
19;15;25
19;14;22
19;16;19
19;18;20
19;16;15
19;17;16
19;14;15
19;14;18
19;16;31
19;15;18
19;16;42
19;13;20
19;11;21
19;19;25
19;17;23
20;18;14
20;19;23
20;14;32
20;12;23
20;13;23
20;13;33
20;19;21
20;14;19
20;15;12
20;13;18
20;17;35
20;19;29
20;22;11
20;18;30
20;16;25
20;18;21
20;16;18
20;20;17
20;15;27
20;16;19
20;14;15
20;15;33
20;18;25
20;12;23
20;17;17
20;11;21
20;20;17
20;19;26
20;15;17
20;14;18
20;17;22
20;21;28
20;13;24
20;17;25
20;11;20
20;18;19
20;18;20
20;18;31
20;16;19
20;20;25
20;15;23
20;24;22
20;18;26
20;14;17
20;9;27
20;15;18
20;12;32
20;14;24
20;20;19
20;18;14
20;19;17
20;9;18
20;14;21
20;23;0
20;17;9
20;18;18
20;15;18
20;19;30
20;16;22
20;15;42
20;15;23
20;16;15
20;17;32
20;13;25
20;15;34
20;17;7
20;15;27
20;19;29
20;21;29
20;14;17
20;19;28
20;16;18
20;16;23
20;14;22
20;22;13
20;15;22
20;14;32
20;17;9
20;20;21
20;17;18
20;13;42
20;13;15
20;16;39
20;16;25
20;17;23
20;17;20
20;16;20
20;19;23
20;14;16
20;15;19
20;12;16
20;16;26
20;17;23
20;16;11
20;15;42
20;12;31
20;18;32
20;18;13
20;21;11
20;12;28
21;14;20
21;14;24
21;12;16
21;13;15
21;13;25
21;11;18
21;22;0
21;12;25
21;19;27
21;11;16
21;16;20
21;16;0
21;15;16
21;18;29
21;15;27
21;21;20
21;18;13
21;18;27
21;19;25
21;16;17
21;17;0
21;12;24
21;18;0
21;19;16
21;22;27
21;17;18
21;15;24
21;16;31
21;14;26
21;10;20
21;20;29
21;12;25
21;14;20
21;17;24
21;17;42
21;18;15
21;18;25
21;14;41
21;18;21
21;18;19
21;11;22
21;15;25
21;15;41
21;14;22
21;14;19
21;17;34
21;16;27
21;13;11
21;13;19
21;16;17
21;22;31
21;19;27
21;15;19
21;20;31
21;17;25
21;17;20
21;13;15
21;14;24
21;11;26
21;11;13
21;19;15
21;18;23
21;17;17
21;13;15
21;13;14
21;15;34
21;12;12
21;17;11
21;18;22
21;17;16
21;11;27
21;16;16
21;17;24
21;18;22
21;19;29
21;19;33
21;15;23
21;13;13
21;19;21
21;16;25
21;20;32
21;14;27
21;13;14
21;11;16
21;20;29
21;19;0
21;13;22
21;11;23
21;17;13
21;17;19
21;20;0
21;14;26
21;17;23
21;15;18
21;16;16
21;18;42
21;16;20
21;14;42
21;16;24
21;19;42
22;20;17
22;15;12
22;21;26
22;15;15
22;20;0
22;23;19
22;14;31
22;12;28
22;19;18
22;15;30
22;11;26
22;16;32
22;19;41
22;14;21
22;13;17
22;14;18
22;14;20
22;19;26
22;22;29
22;15;24
22;20;17
22;10;23
22;16;19
22;11;14
22;16;13
22;14;19
22;12;25
22;16;0
22;19;24
22;14;16
22;16;17
22;16;16
22;21;25
22;19;15
22;19;29
22;19;22
22;15;22
22;12;23
22;21;29
22;15;19
22;13;33
22;14;27
22;13;17
22;14;20
22;11;21
22;15;34
22;18;14
22;22;20
22;16;23
22;16;18
22;15;13
22;12;18
22;17;17
22;20;31
22;13;16
22;14;19
22;16;23
22;15;21
22;17;14
22;20;17
22;15;15
22;19;36
22;17;20
22;16;27
22;15;21
22;22;21
22;18;15
22;16;26
22;19;28
22;16;22
22;17;29
22;16;17
22;15;0
22;17;25
22;18;17
22;17;17
22;22;21
22;16;29
22;13;21
22;18;14
22;21;17
22;15;19
22;18;18
22;21;14
22;11;15
22;13;32
22;16;21
22;16;12
22;22;19
22;16;24
22;15;23
22;18;25
22;13;21
22;17;16
22;15;30
22;17;22
22;17;28
22;16;39
22;14;19
22;18;10
23;19;15
23;12;26
23;16;29
23;15;9
23;14;22
23;17;17
23;19;21
23;18;29
23;15;31
23;21;30
23;18;30
23;18;18
23;14;19
23;16;25
23;18;22
23;11;24
23;18;18
23;13;26
23;18;15
23;17;30
23;12;23
23;13;23
23;17;21
23;17;23
23;17;18
23;17;27
23;16;14
23;12;23
23;12;19
23;16;25
23;19;25
23;16;31
23;19;17
23;19;12
23;23;27
23;16;22
23;18;12
23;15;25
23;14;19
23;18;23
23;15;17
23;16;17
23;13;22
23;19;22
23;12;23
23;13;32
23;16;22
23;10;18
23;16;18
23;24;30
23;17;29
23;19;11
23;15;34
23;15;19
23;18;0
23;20;18
23;16;16
23;16;19
23;11;21
23;18;17
23;16;23
23;22;16
23;16;20
23;15;30
23;17;23
23;23;23
23;15;19
23;20;18
23;13;31
23;16;18
23;16;19
23;14;24
23;15;17
23;21;19
23;18;24
23;18;24
23;12;25
23;18;16
23;18;0
23;12;25
23;18;27
23;19;22
23;23;28
23;19;21
23;14;22
23;17;20
23;20;23
23;21;25
23;15;24
23;17;13
23;13;20
23;19;18
23;18;19
23;16;24
23;15;27
23;18;19
23;18;23
23;17;39
23;17;41
23;20;35
24;13;26
24;15;19
24;16;33
24;19;22
24;18;22
24;15;18
24;13;15
24;20;23
24;16;25
24;19;19
24;15;20
24;19;17
24;15;25
24;20;14
24;17;32
24;12;22
24;16;21
24;16;30
24;14;21
24;13;25
24;16;42
24;16;20
24;17;19
24;20;22
24;16;18
24;16;21
24;18;34
24;13;21
24;12;18
24;16;19
24;20;15
24;19;14
24;17;12
24;13;23
24;16;20
24;18;23
24;19;0
24;18;27
24;17;27
24;14;24
24;18;20
24;17;0
24;8;21
24;15;21
24;15;28
24;14;20
24;19;25
24;14;21
24;16;15
24;16;21
24;12;13
24;17;17
24;15;26
24;17;17
24;15;24
24;19;21
24;16;21
24;17;28
24;19;23
24;16;25
24;18;28
24;17;18
24;15;25
24;17;19
24;17;22
24;15;13
24;21;15
24;18;24
24;17;25
24;19;13
24;17;20
24;17;22
24;24;29
24;10;24
24;19;23
24;19;11
24;16;20
24;17;42
24;15;17
24;15;14
24;17;37
24;19;16
24;15;21
24;19;28
24;17;15
24;19;29
24;25;23
24;14;20
24;20;19
24;12;31
24;18;20
24;18;28
24;17;18
24;15;31
24;15;20
24;16;19
24;19;35
24;17;22
24;16;19
24;15;11
25;21;23
25;19;21
25;15;30
25;18;16
25;16;20
25;18;42
25;14;23
25;15;26
25;18;25
25;17;15
25;15;19
25;18;0
25;15;20
25;15;19
25;17;12
25;18;32
25;17;26
25;18;24
25;19;17
25;10;23
25;18;42
25;19;19
25;19;15
25;16;11
25;16;19
25;22;19
25;15;18
25;19;21
25;18;19
25;17;20
25;18;18
25;17;31
25;18;17
25;19;18
25;14;22
25;13;29
25;13;19
25;14;18
25;13;23
25;19;29
25;12;17
25;15;17
25;12;18
25;13;29
25;16;22
25;19;20
25;12;26
25;22;23
25;19;17
25;24;25
25;19;21
25;14;24
25;11;12
25;14;24
25;10;18
25;21;25
25;16;42
25;19;16
25;19;23
25;16;13
25;10;19
25;24;30
25;19;26
25;11;19
25;21;19
25;17;31
25;18;22
25;21;25
25;21;31
25;15;20
25;19;15
25;15;42
25;13;26
25;17;32
25;19;20
25;15;20
25;17;21
25;15;42
25;18;17
25;14;19
25;14;38
25;18;21
25;19;20
25;20;22
25;14;15
25;24;25
25;20;22
25;16;22
25;16;21
25;17;21
25;18;18
25;20;25
25;17;42
25;20;16
25;16;24
25;16;0
25;13;24
25;16;21
25;14;27
25;13;11
26;18;40
26;17;21
26;13;18
26;17;27
26;17;29
26;12;30
26;14;26
26;24;31
26;22;38
26;21;14
26;19;36
26;18;21
26;16;23
26;15;17
26;15;33
26;18;26
26;20;19
26;19;31
26;12;0
26;19;19
26;17;23
26;16;23
26;18;12
26;13;28
26;19;15
26;19;19
26;16;16
26;16;14
26;12;17
26;13;27
26;15;26
26;16;29
26;17;17
26;19;7
26;19;28
26;18;14
26;17;21
26;19;24
26;16;41
26;15;17
26;14;33
26;20;20
26;13;0
26;16;16
26;23;28
26;19;15
26;17;26
26;20;22
26;17;20
26;20;34
26;17;28
26;19;19
26;16;13
26;16;32
26;19;24
26;21;38
26;15;18
26;23;16
26;13;26
26;18;22
26;17;25
26;12;19
26;14;38
26;10;17
26;19;21
26;15;26
26;19;28
26;19;0
26;18;26
26;18;19
26;17;21
26;17;28
26;13;27
26;15;22
26;18;21
26;23;26
26;16;15
26;18;27
26;12;22
26;14;22
26;19;0
26;14;14
26;15;25
26;24;24
26;20;27
26;18;0
26;20;23
26;13;36
26;15;24
26;13;19
26;19;20
26;15;15
26;12;23
26;15;16
26;21;42
26;17;24
26;19;15
26;19;0
26;17;36
26;16;14
27;17;20
27;16;19
27;13;13
27;17;32
27;15;40
27;20;42
27;14;26
27;13;27
27;15;20
27;18;0
27;17;27
27;19;30
27;16;25
27;15;25
27;13;22
27;22;26
27;15;32
27;17;24
27;17;29
27;19;32
27;15;23
27;20;27
27;21;29
27;14;24
27;15;8
27;21;26
27;12;24
27;16;21
27;19;21
27;18;0
27;15;17
27;18;31
27;13;26
27;12;42
27;18;17
27;20;19
27;14;42
27;18;21
27;18;12
27;20;19
27;14;19
27;14;17
27;16;24
27;17;20
27;16;23
27;17;13
27;17;24
27;23;22
27;19;18
27;24;15
27;15;20
27;20;21
27;18;18
27;18;21
27;13;29
27;17;27
27;17;20
27;15;25
27;18;21
27;17;17
27;20;17
27;13;27
27;22;16
27;20;27
27;19;24
27;13;25
27;16;19
27;19;20
27;13;21
27;22;21
27;18;25
27;16;22
27;11;33
27;12;12
27;14;31
27;20;20
27;17;18
27;15;20
27;14;22
27;16;31
27;13;18
27;18;42
27;13;24
27;21;24
27;15;38
27;21;31
27;16;0
27;21;37
27;15;21
27;15;22
27;18;14
27;16;15
27;18;16
27;18;19
27;18;34
27;20;19
27;22;24
27;16;31
27;14;22
27;18;23
28;17;19
28;21;0
28;15;27
28;16;20
28;13;19
28;17;28
28;16;30
28;20;19
28;18;34
28;16;21
28;17;24
28;20;19
28;15;25
28;18;23
28;23;16
28;18;19
28;14;0
28;20;36
28;16;11
28;16;23
28;21;28
28;12;22
28;20;20
28;20;11
28;18;25
28;17;18
28;17;29
28;16;22
28;15;17
28;16;10
28;20;19
28;19;32
28;17;20
28;17;19
28;20;0
28;15;22
28;15;17
28;15;18
28;16;27
28;16;21
28;16;27
28;17;24
28;18;20
28;21;16
28;27;16
28;16;18
28;21;32
28;12;18
28;18;20
28;14;25
28;14;21
28;18;25
28;18;33
28;16;16
28;16;32
28;16;23
28;17;42
28;13;17
28;21;21
28;21;31
28;21;13
28;19;28
28;13;34
28;19;28
28;15;42
28;18;18
28;19;29
28;15;22
28;16;20
28;15;16
28;14;13
28;25;0
28;18;26
28;20;32
28;19;14
28;20;24
28;19;27
28;16;18
28;17;17
28;16;34
28;18;22
28;20;23
28;18;17
28;14;26
28;16;34
28;20;37
28;15;22
28;21;0
28;21;28
28;13;23
28;17;23
28;18;18
28;18;15
28;17;19
28;17;22
28;18;28
28;13;33
28;22;38
28;21;30
28;17;25
29;20;34
29;17;18
29;12;22
29;16;13
29;20;35
29;13;27
29;19;30
29;20;27
29;15;23
29;21;33
29;16;29
29;15;23
29;11;19
29;18;19
29;15;20
29;16;18
29;18;20
29;20;42
29;20;18
29;22;21
29;17;26
29;22;15
29;20;28
29;17;12
29;18;33
29;17;19
29;25;23
29;16;34
29;21;28
29;21;27
29;18;28
29;25;29
29;19;21
29;20;24
29;16;32
29;13;21
29;21;25
29;14;12
29;13;17
29;18;30
29;14;17
29;19;17
29;17;23
29;22;18
29;23;32
29;19;21
29;18;0
29;17;29
29;17;15
29;15;24
29;20;22
29;13;26
29;20;42
29;19;15
29;20;27
29;20;23
29;24;22
29;18;42
29;24;25
29;13;32
29;17;28
29;17;24
29;18;0
29;19;28
29;17;13
29;15;0
29;20;33
29;20;30
29;15;25
29;22;17
29;22;21
29;14;27
29;21;25
29;17;32
29;13;32
29;14;21
29;17;13
29;18;34
29;14;12
29;20;0
29;20;16
29;20;19
29;20;24
29;17;24
29;16;21
29;17;26
29;25;22
29;14;21
29;15;24
29;13;24
29;24;13
29;16;14
29;15;28
29;18;20
29;16;13
29;20;29
29;20;9
29;17;26
29;20;0
29;15;25
30;16;25
30;20;35
30;14;26
30;17;10
30;20;30
30;15;25
30;22;28
30;15;14
30;19;32
30;20;36
30;20;27
30;18;31
30;19;20
30;20;22
30;16;18
30;18;21
30;16;22
30;19;32
30;20;10
30;16;35
30;19;31
30;18;14
30;14;22
30;16;31
30;16;26
30;19;29
30;17;25
30;28;19
30;18;22
30;15;16
30;21;18
30;16;15
30;17;20
30;14;14
30;18;28
30;18;17
30;19;18
30;19;31
30;17;20
30;14;15
30;22;23
30;22;28
30;18;22
30;18;32
30;13;28
30;18;25
30;17;19
30;21;18
30;17;17
30;22;42
30;17;20
30;26;33
30;21;26
30;18;17
30;20;35
30;17;20
30;23;15
30;17;25
30;15;25
30;18;0
30;24;24
30;22;21
30;19;11
30;17;25
30;22;27
30;16;17
30;22;9
30;19;16
30;17;18
30;20;14
30;11;29
30;20;31
30;19;22
30;21;42
30;19;15
30;17;21
30;17;13
30;18;36
30;18;18
30;19;23
30;22;19
30;18;38
30;21;34
30;22;27
30;15;16
30;19;31
30;22;30
30;18;30
30;18;25
30;16;27
30;17;19
30;22;22
30;19;28
30;16;31
30;21;7
30;18;23
30;25;15
30;16;15
30;20;28
30;18;18
31;15;10
31;17;27
31;21;23
31;18;42
31;18;25
31;16;0
31;13;18
31;18;25
31;16;24
31;13;19
31;21;26
31;14;30
31;22;30
31;9;19
31;12;29
31;19;22
31;20;19
31;18;25
31;17;24
31;13;30
31;19;23
31;26;26
31;18;26
31;19;30
31;19;18
31;20;32
31;14;37
31;21;28
31;14;28
31;18;28
31;19;23
31;15;25
31;20;21
31;21;24
31;23;0
31;12;24
31;15;24
31;14;12
31;18;0
31;24;23
31;17;38
31;15;34
31;21;26
31;16;9
31;17;19
31;20;26
31;21;21
31;22;28
31;15;0
31;18;27
31;25;22
31;22;31
31;16;16
31;21;22
31;24;27
31;18;17
31;19;30
31;14;13
31;20;33
31;14;30
31;19;31
31;23;14
31;20;18
31;18;16
31;17;18
31;21;0
31;19;25
31;22;29
31;20;25
31;15;29
31;17;27
31;17;31
31;17;22
31;18;32
31;20;24
31;17;22
31;20;26
31;26;20
31;20;18
31;20;14
31;13;28
31;17;28
31;22;39
31;15;17
31;21;22
31;21;38
31;21;23
31;18;23
31;20;9
31;19;23
31;19;7
31;14;8
31;23;19
31;20;18
31;21;0
31;10;25
31;18;31
31;22;42
31;15;25
31;18;20
32;21;28
32;14;29
32;20;40
32;15;18
32;19;40
32;20;27
32;21;23
32;20;31
32;19;30
32;19;22
32;17;25
32;14;22
32;15;16
32;18;16
32;16;0
32;17;35
32;18;21
32;16;25
32;19;27
32;15;19
32;16;42
32;16;28
32;22;25
32;16;17
32;19;15
32;18;26
32;17;23
32;16;25
32;19;30
32;23;30
32;20;22
32;13;26
32;18;24
32;19;25
32;17;33
32;23;13
32;16;27
32;22;32
32;16;27
32;19;37
32;15;0
32;17;13
32;18;31
32;16;27
32;17;17
32;17;25
32;22;23
32;16;14
32;21;27
32;19;0
32;17;0
32;18;24
32;18;13
32;15;0
32;20;30
32;23;29
32;16;32
32;17;28
32;27;27
32;20;27
32;19;42
32;17;18
32;16;25
32;20;27
32;18;20
32;18;14
32;21;17
32;18;20
32;22;13
32;18;22
32;17;22
32;15;10
32;12;22
32;20;22
32;23;13
32;14;19
32;17;27
32;18;26
32;12;23
32;21;21
32;24;27
32;17;21
32;27;25
32;19;31
32;21;27
32;21;28
32;16;23
32;19;18
32;23;20
32;22;22
32;16;19
32;14;19
32;15;19
32;17;23
32;18;26
32;15;26
32;18;23
32;21;30
32;19;19
32;15;0
33;18;16
33;17;9
33;18;27
33;21;0
33;19;16
33;20;15
33;14;23
33;19;17
33;23;17
33;20;11
33;18;42
33;17;31
33;15;26
33;15;12
33;17;17
33;19;30
33;18;19
33;19;17
33;19;26
33;21;29
33;17;18
33;17;19
33;22;28
33;14;23
33;18;36
33;21;22
33;22;20
33;18;23
33;17;23
33;17;30
33;18;17
33;21;38
33;23;24
33;19;19
33;19;21
33;23;18
33;12;15
33;16;31
33;19;26
33;15;28
33;13;20
33;20;22
33;18;21
33;22;37
33;17;24
33;18;29
33;17;20
33;24;16
33;15;23
33;20;28
33;12;0
33;16;39
33;16;17
33;20;20
33;19;26
33;15;24
33;19;21
33;12;17
33;16;14
33;17;28
33;21;9
33;20;9
33;19;30
33;18;28
33;17;15
33;16;36
33;18;24
33;19;19
33;17;26
33;15;33
33;20;18
33;19;19
33;14;16
33;12;28
33;17;17
33;17;24
33;16;15
33;13;10
33;16;30
33;24;27
33;23;20
33;18;0
33;21;24
33;17;15
33;20;19
33;20;25
33;21;25
33;16;26
33;26;28
33;17;20
33;11;21
33;14;31
33;22;20
33;12;21
33;19;23
33;14;18
33;18;42
33;15;16
33;18;19
33;22;24
34;13;28
34;18;11
34;19;23
34;11;33
34;14;20
34;19;42
34;18;29
34;21;21
34;21;22
34;21;25
34;18;11
34;20;21
34;12;25
34;18;22
34;16;0
34;18;31
34;18;18
34;15;24
34;14;22
34;23;20
34;23;22
34;23;15
34;16;14
34;16;27
34;18;13
34;18;20
34;21;34
34;13;21
34;18;25
34;20;29
34;21;24
34;22;42
34;13;27
34;18;31
34;16;16
34;17;42
34;14;16
34;17;26
34;20;15
34;21;18
34;18;17
34;24;17
34;15;42
34;10;22
34;20;23
34;12;26
34;15;24
34;16;18
34;15;23
34;22;25
34;20;17
34;10;15
34;20;15
34;18;26
34;15;23
34;16;14
34;17;11
34;17;21
34;14;22
34;18;20
34;16;21
34;21;19
34;17;31
34;15;9
34;18;31
34;19;21
34;19;30
34;13;21
34;22;16
34;16;0
34;11;27
34;17;36
34;17;23
34;20;25
34;22;23
34;16;22
34;16;35
34;20;13
34;16;33
34;17;15
34;15;19
34;19;24
34;16;23
34;18;24
34;18;29
34;19;27
34;15;0
34;22;42
34;17;28
34;14;26
34;17;29
34;18;22
34;18;17
34;22;23
34;18;0
34;19;18
34;18;14
34;13;24
34;16;16
34;16;17
35;22;21
35;18;28
35;17;35
35;18;25
35;16;19
35;20;13
35;16;0
35;18;16
35;15;27
35;22;31
35;16;24
35;17;11
35;17;20
35;16;15
35;15;15
35;20;23
35;19;23
35;16;18
35;20;24
35;15;31
35;13;30
35;18;17
35;19;21
35;18;26
35;16;25
35;20;25
35;19;20
35;15;30
35;18;14
35;20;11
35;15;20
35;24;23
35;13;29
35;17;21
35;17;14
35;15;19
35;22;42
35;20;17
35;19;24
35;18;7
35;25;14
35;23;22
35;15;23
35;19;23
35;16;25
35;15;22
35;27;29
35;16;31
35;22;17
35;20;16
35;14;28
35;18;16
35;30;21
35;26;32
35;23;23
35;18;0
35;20;21
35;18;0
35;19;0
35;17;25
35;15;23
35;10;15
35;21;0
35;21;21
35;18;23
35;16;29
35;21;16
35;15;23
35;16;19
35;24;16
35;18;20
35;12;20
35;21;10
35;21;37
35;20;23
35;16;24
35;20;23
35;22;34
35;17;21
35;16;17
35;16;18
35;16;20
35;17;21
35;20;42
35;22;0
35;14;0
35;15;27
35;17;0
35;16;13
35;15;13
35;15;32
35;24;22
35;16;36
35;22;22
35;17;19
35;19;0
35;19;23
35;16;17
35;14;42
35;22;31
36;16;32
36;20;21
36;22;28
36;13;34
36;18;42
36;23;22
36;17;13
36;14;15
36;16;36
36;17;33
36;15;21
36;17;22
36;20;25
36;13;22
36;18;33
36;20;17
36;21;16
36;14;9
36;23;31
36;14;12
36;17;23
36;13;31
36;21;15
36;17;30
36;20;18
36;14;24
36;16;16
36;16;20
36;15;28
36;17;17
36;16;32
36;21;12
36;17;32
36;26;0
36;14;20
36;14;20
36;18;26
36;18;18
36;16;0
36;19;35
36;10;29
36;20;24
36;15;15
36;14;29
36;18;28
36;16;15
36;14;13
36;18;28
36;19;13
36;10;21
36;21;16
36;17;24
36;15;26
36;15;8
36;21;10
36;17;26
36;17;18
36;12;25
36;18;0
36;19;16
36;17;22
36;21;21
36;18;11
36;17;29
36;19;27
36;21;0
36;18;19
36;15;42
36;16;23
36;17;18
36;13;19
36;19;22
36;15;42
36;21;20
36;17;16
36;13;41
36;24;11
36;19;39
36;20;0
36;18;18
36;20;18
36;12;26
36;18;31
36;16;20
36;22;39
36;19;21
36;15;38
36;19;16
36;19;29
36;18;17
36;19;22
36;15;26
36;20;34
36;17;19
36;18;26
36;16;30
36;17;0
36;18;15
36;20;0
36;17;19
37;19;29
37;16;0
37;17;18
37;10;20
37;14;13
37;14;33
37;19;22
37;16;13
37;20;29
37;17;24
37;20;25
37;14;23
37;18;13
37;14;19
37;21;27
37;21;0
37;17;32
37;16;22
37;16;30
37;19;21
37;19;0
37;18;0
37;15;42
37;18;22
37;14;19
37;14;32
37;17;17
37;18;25
37;16;0
37;18;30
37;17;25
37;19;27
37;16;14
37;15;17
37;18;21
37;15;22
37;18;37
37;15;25
37;18;42
37;15;25
37;20;28
37;20;24
37;14;21
37;20;27
37;18;0
37;19;22
37;20;0
37;18;25
37;19;22
37;16;19
37;14;20
37;16;28
37;18;17
37;19;22
37;15;34
37;16;18
37;15;42
37;21;0
37;16;42
37;18;41
37;14;19
37;14;20
37;14;39
37;17;23
37;16;29
37;19;0
37;18;24
37;19;32
37;19;15
37;15;18
37;22;24
37;20;29
37;19;20
37;13;28
37;15;26
37;16;22
37;21;18
37;15;0
37;16;21
37;16;0
37;18;26
37;15;25
37;17;22
37;21;16
37;14;17
37;15;28
37;16;0
37;24;0
37;20;19
37;17;24
37;16;24
37;15;15
37;17;27
37;17;26
37;22;0
37;21;36
37;19;23
37;15;30
37;17;0
37;21;21
38;16;24
38;20;29
38;14;19
38;16;0
38;17;17
38;15;17
38;15;28
38;18;25
38;14;25
38;14;26
38;14;41
38;19;19
38;16;25
38;13;19
38;17;30
38;16;0
38;19;17
38;13;22
38;16;28
38;16;19
38;21;12
38;13;25
38;17;17
38;16;23
38;18;0
38;17;32
38;17;23
38;20;14
38;14;25
38;12;35
38;15;28
38;13;21
38;19;24
38;18;40
38;18;17
38;24;27
38;13;0
38;14;18
38;16;14
38;17;7
38;21;20
38;16;21
38;16;0
38;13;25
38;17;13
38;19;13
38;20;33
38;14;18
38;20;25
38;19;17
38;13;31
38;18;29
38;24;11
38;20;13
38;21;17
38;17;26
38;18;30
38;22;24
38;14;21
38;22;25
38;17;22
38;11;18
38;8;21
38;15;0
38;18;14
38;15;37
38;18;26
38;15;28
38;18;36
38;22;28
38;13;28
38;18;21
38;18;17
38;16;41
38;16;29
38;15;24
38;14;7
38;16;33
38;21;19
38;16;26
38;20;0
38;19;22
38;17;25
38;20;18
38;15;34
38;17;20
38;16;0
38;16;25
38;17;25
38;19;14
38;19;26
38;20;26
38;17;20
38;22;0
38;16;23
38;18;21
38;15;31
38;14;27
38;20;39
38;13;35
39;12;14
39;16;7
39;22;36
39;15;37
39;17;24
39;20;22
39;20;17
39;17;11
39;17;18
39;17;22
39;15;28
39;21;31
39;16;15
39;17;0
39;17;14
39;20;13
39;12;0
39;12;13
39;20;34
39;20;0
39;14;18
39;14;20
39;28;0
39;14;26
39;23;0
39;16;24
39;18;17
39;24;30
39;15;0
39;18;0
39;15;26
39;17;22
39;13;19
39;15;26
39;18;15
39;14;36
39;14;29
39;16;27
39;17;7
39;17;0
39;12;20
39;20;20
39;15;16
39;13;22
39;15;22
39;15;27
39;20;0
39;22;13
39;19;33
39;16;25
39;15;42
39;16;23
39;15;25
39;18;31
39;20;0
39;16;32
39;22;18
39;17;23
39;14;14
39;15;0
39;14;24
39;18;26
39;18;21
39;14;28
39;15;35
39;15;35
39;18;17
39;17;23
39;19;25
39;18;28
39;16;19
39;19;16
39;12;22
39;20;11
39;17;36
39;16;24
39;17;22
39;15;34
39;29;25
39;18;17
39;15;22
39;23;28
39;15;27
39;15;24
39;17;24
39;16;42
39;18;25
39;18;27
39;14;20
39;16;12
39;17;23
39;18;19
39;23;37
39;17;21
39;16;0
39;15;19
39;13;34
39;15;30
39;20;16
39;17;30
40;16;19
40;17;35
40;15;21
40;13;28
40;17;13
40;21;0
40;19;20
40;24;0
40;16;26
40;20;21
40;21;32
40;19;21
40;17;26
40;12;21
40;19;33
40;18;0
40;12;19
40;22;0
40;14;22
40;16;19
40;17;19
40;18;31
40;14;15
40;19;20
40;21;30
40;18;42
40;17;40
40;16;18
40;14;17
40;15;23
40;15;14
40;14;27
40;20;14
40;21;24
40;13;20
40;18;14
40;17;19
40;19;37
40;17;29
40;20;0
40;14;17
40;19;0
40;17;24
40;18;42
40;12;17
40;17;23
40;16;34
40;19;37
40;17;22
40;15;23
40;21;19
40;20;26
40;17;23
40;22;15
40;18;34
40;18;39
40;16;25
40;14;26
40;19;17
40;16;42
40;16;29
40;23;0
40;15;20
40;20;18
40;17;32
40;9;23
40;19;24
40;14;34
40;20;20
40;19;0
40;14;17
40;13;18
40;16;18
40;18;29
40;20;33
40;18;19
40;20;24
40;14;0
40;16;27
40;16;0
40;18;31
40;21;26
40;22;19
40;16;19
40;21;20
40;17;14
40;18;20
40;20;16
40;18;42
40;13;28
40;18;23
40;16;42
40;22;25
40;16;23
40;16;24
40;20;28
40;18;26
40;15;17
40;16;16
40;18;38
41;18;11
41;18;25
41;18;0
41;17;0
41;17;24
41;15;25
41;18;24
41;20;20
41;19;23
41;22;0
41;13;22
41;15;23
41;14;19
41;19;11
41;15;42
41;22;16
41;15;27
41;19;26
41;14;28
41;18;27
41;15;0
41;19;19
41;19;32
41;16;33
41;13;42
41;22;20
41;18;31
41;16;19
41;14;16
41;23;42
41;17;38
41;18;42
41;21;27
41;21;29
41;16;20
41;16;29
41;18;19
41;19;22
41;15;26
41;23;37
41;14;15
41;18;20
41;18;22
41;19;17
41;16;0
41;19;0
41;17;19
41;21;20
41;17;21
41;22;26
41;18;29
41;16;7
41;13;21
41;14;21
41;20;19
41;17;29
41;14;20
41;15;31
41;19;22
41;20;42
41;17;32
41;16;30
41;20;0
41;22;24
41;18;23
41;12;18
41;19;0
41;19;35
41;19;24
41;18;15
41;17;20
41;16;42
41;18;19
41;13;17
41;12;22
41;19;19
41;22;26
41;18;0
41;17;25
41;17;11
41;18;25
41;15;24
41;23;17
41;18;34
41;19;42
41;17;16
41;13;22
41;20;21
41;16;22
41;17;38
41;18;27
41;22;22
41;23;40
41;13;13
41;21;22
41;18;21
41;21;33
41;20;35
41;20;0
41;16;34
42;16;14
42;13;19
42;22;23
42;15;0
42;16;19
42;23;13
42;14;17
42;17;41
42;17;33
42;18;25
42;12;30
42;17;16
42;22;0
42;17;36
42;19;37
42;20;21
42;21;28
42;16;26
42;13;18
42;19;23
42;15;21
42;21;18
42;17;0
42;19;20
42;28;0
42;21;27
42;12;25
42;12;28
42;19;13
42;18;14
42;18;39
42;14;22
42;18;26
42;17;42
42;21;30
42;16;20
42;18;29
42;20;20
42;16;17
42;14;25
42;14;0
42;14;30
42;12;24
42;20;42
42;19;25
42;19;24
42;17;13
42;15;24
42;15;19
42;17;21
42;16;0
42;20;26
42;17;16
42;19;0
42;24;20
42;15;24
42;11;23
42;15;10
42;16;18
42;18;16
42;15;13
42;22;16
42;15;42
42;20;28
42;16;25
42;18;25
42;19;17
42;17;31
42;13;21
42;26;19
42;16;19
42;13;32
42;20;27
42;19;23
42;15;0
42;19;29
42;14;18
42;14;18
42;15;12
42;22;23
42;18;20
42;17;32
42;16;20
42;14;18
42;22;14
42;15;32
42;17;11
42;18;26
42;25;0
42;16;15
42;15;23
42;13;22
42;16;19
42;19;34
42;24;28
42;16;15
42;21;26
42;18;28
42;17;30
42;21;31
43;18;0
43;15;24
43;18;33
43;16;27
43;17;15
43;13;20
43;18;30
43;21;18
43;16;42
43;16;23
43;15;14
43;20;0
43;19;29
43;15;23
43;17;23
43;14;0
43;18;24
43;20;14
43;16;26
43;16;0
43;18;42
43;22;0
43;19;23
43;17;25
43;13;27
43;17;33
43;17;17
43;15;19
43;21;25
43;22;26
43;18;19
43;15;33
43;22;0
43;17;19
43;13;29
43;12;18
43;17;24
43;18;22
43;18;28
43;20;23
43;13;24
43;16;23
43;15;11
43;20;32
43;17;27
43;17;42
43;13;42
43;12;21
43;17;0
43;17;27
43;20;0
43;19;25
43;19;33
43;18;25
43;19;30
43;18;27
43;14;42
43;17;33
43;12;32
43;19;0
43;16;25
43;17;24
43;10;26
43;16;28
43;21;0
43;16;26
43;19;27
43;22;0
43;16;14
43;16;25
43;11;27
43;16;23
43;13;19
43;15;32
43;23;16
43;21;34
43;15;27
43;14;7
43;18;22
43;21;13
43;15;35
43;19;25
43;22;25
43;18;31
43;19;21
43;17;25
43;21;18
43;12;28
43;19;23
43;17;26
43;19;27
43;19;0
43;17;26
43;16;16
43;21;13
43;14;29
43;21;35
43;21;18
43;15;18
43;17;23
44;17;28
44;20;23
44;16;31
44;13;26
44;17;31
44;17;24
44;15;31
44;20;30
44;18;23
44;21;24
44;18;22
44;14;32
44;18;42
44;20;33
44;16;23
44;19;0
44;23;0
44;17;32
44;17;33
44;18;15
44;14;20
44;16;35
44;16;17
44;16;18
44;18;25
44;16;19
44;14;20
44;19;26
44;18;20
44;19;24
44;13;18
44;15;21
44;17;28
44;15;21
44;16;20
44;20;20
44;16;26
44;15;11
44;17;13
44;18;0
44;21;17
44;11;18
44;15;21
44;15;29
44;15;27
44;12;42
44;17;27
44;15;28
44;13;17
44;17;24
44;15;23
44;22;12
44;18;20
44;16;27
44;15;19
44;19;0
44;13;42
44;20;22
44;16;18
44;17;0
44;20;41
44;13;25
44;14;17
44;16;23
44;14;15
44;16;41
44;20;0
44;22;34
44;22;33
44;15;23
44;15;28
44;19;33
44;18;12
44;20;42
44;18;29
44;18;14
44;16;42
44;18;42
44;15;42
44;19;14
44;17;17
44;14;26
44;18;18
44;17;0
44;14;21
44;16;31
44;17;14
44;20;20
44;14;0
44;17;0
44;17;27
44;18;13
44;15;13
44;17;0
44;20;22
44;16;21
44;14;27
44;19;22
44;22;32
44;19;33
45;21;21
45;20;0
45;16;0
45;19;12
45;17;23
45;15;22
45;17;0
45;14;16
45;20;23
45;19;21
45;18;23
45;17;22
45;16;29
45;19;14
45;21;26
45;23;20
45;15;32
45;20;24
45;16;32
45;16;21
45;22;0
45;15;28
45;15;28
45;19;17
45;15;26
45;21;42
45;19;26
45;16;32
45;16;0
45;15;24
45;19;0
45;15;0
45;19;40
45;13;24
45;17;34
45;15;27
45;16;38
45;16;21
45;19;26
45;22;23
45;20;29
45;19;42
45;19;0
45;22;29
45;19;17
45;19;27
45;22;30
45;20;0
45;13;23
45;16;24
45;17;29
45;19;15
45;16;42
45;15;42
45;18;29
45;16;17
45;18;0
45;15;0
45;17;26
45;16;11
45;20;19
45;17;29
45;16;11
45;13;27
45;17;42
45;22;24
45;17;19
45;21;42
45;22;24
45;20;31
45;18;17
45;15;30
45;18;26
45;17;42
45;17;23
45;15;28
45;16;21
45;17;20
45;14;38
45;18;25
45;17;25
45;19;19
45;19;29
45;20;28
45;21;32
45;15;27
45;18;24
45;18;22
45;19;17
45;21;29
45;17;18
45;16;31
45;19;31
45;20;30
45;19;27
45;16;26
45;17;32
45;24;22
45;16;0
45;18;22
46;16;42
46;16;42
46;14;40
46;16;0
46;16;17
46;17;32
46;18;39
46;12;20
46;19;17
46;15;35
46;15;20
46;18;0
46;21;16
46;18;25
46;18;20
46;20;0
46;20;30
46;17;32
46;20;42
46;18;14
46;19;19
46;20;26
46;23;17
46;11;7
46;16;19
46;14;21
46;18;15
46;18;19
46;19;0
46;18;27
46;15;0
46;19;15
46;20;40
46;12;35
46;17;33
46;17;29
46;13;25
46;18;11
46;15;27
46;22;34
46;16;12
46;19;33
46;17;23
46;18;42
46;17;19
46;14;25
46;14;12
46;19;24
46;16;21
46;16;24
46;29;16
46;19;20
46;15;37
46;15;42
46;20;17
46;21;19
46;18;24
46;19;30
46;14;18
46;24;38
46;18;28
46;20;42
46;19;28
46;15;26
46;17;23
46;18;39
46;15;14
46;19;30
46;17;42
46;20;27
46;16;0
46;19;22
46;15;27
46;15;17
46;16;0
46;21;14
46;20;18
46;17;24
46;10;28
46;19;0
46;19;0
46;15;23
46;16;34
46;19;25
46;19;21
46;18;29
46;17;26
46;19;37
46;20;16
46;21;0
46;15;29
46;15;27
46;15;0
46;15;22
46;20;18
46;20;12
46;16;11
46;22;30
46;18;13
46;14;24
47;16;35
47;17;23
47;19;25
47;18;23
47;18;21
47;13;35
47;16;21
47;10;22
47;20;27
47;18;15
47;17;31
47;19;35
47;14;35
47;14;0
47;16;26
47;20;30
47;19;34
47;21;42
47;17;27
47;17;14
47;16;24
47;15;21
47;17;30
47;20;29
47;14;30
47;20;13
47;20;31
47;17;22
47;16;35
47;18;15
47;19;32
47;10;18
47;20;28
47;19;27
47;26;27
47;19;17
47;21;17
47;16;25
47;16;31
47;16;30
47;18;25
47;15;20
47;20;33
47;12;20
47;16;23
47;16;11
47;18;24
47;19;17
47;14;28
47;18;33
47;23;13
47;21;30
47;20;35
47;22;22
47;24;37
47;16;42
47;15;34
47;16;20
47;15;33
47;18;0
47;20;33
47;14;22
47;15;28
47;14;21
47;17;20
47;14;29
47;18;22
47;20;26
47;16;17
47;18;0
47;18;22
47;19;0
47;20;17
47;16;17
47;13;20
47;19;27
47;12;26
47;14;32
47;18;35
47;21;35
47;17;26
47;19;26
47;16;42
47;17;27
47;20;24
47;20;29
47;16;31
47;20;42
47;17;0
47;18;16
47;14;23
47;10;17
47;19;21
47;18;21
47;19;15
47;17;26
47;20;36
47;19;42
47;22;26
47;15;26
48;20;33
48;19;0
48;19;18
48;17;0
48;15;34
48;18;22
48;18;42
48;21;25
48;19;24
48;19;36
48;18;0
48;17;21
48;24;20
48;19;17
48;18;13
48;19;25
48;15;42
48;14;15
48;16;23
48;23;18
48;22;23
48;19;27
48;20;0
48;19;42
48;20;20
48;19;26
48;20;16
48;17;17
48;17;20
48;18;25
48;21;28
48;15;25
48;16;39
48;13;29
48;18;0
48;16;0
48;18;39
48;19;31
48;13;0
48;18;30
48;12;13
48;16;31
48;14;30
48;15;25
48;22;42
48;16;22
48;17;42
48;18;30
48;21;25
48;18;25
48;19;42
48;16;23
48;17;21
48;13;42
48;15;42
48;11;22
48;14;0
48;13;23
48;16;24
48;21;28
48;17;29
48;16;17
48;20;39
48;18;20
48;17;42
48;21;42
48;19;27
48;18;11
48;15;25
48;18;34
48;21;31
48;18;25
48;17;36
48;21;21
48;18;31
48;17;26
48;12;0
48;20;21
48;22;35
48;14;32
48;16;19
48;18;19
48;18;0
48;17;23
48;18;27
48;20;19
48;15;17
48;16;23
48;15;17
48;10;27
48;11;29
48;18;26
48;21;14
48;18;34
48;18;0
48;13;42
48;18;33
48;24;29
48;22;27
48;22;22
49;18;17
49;16;31
49;14;30
49;17;28
49;14;20
49;19;0
49;18;15
49;14;0
49;15;0
49;21;33
49;18;40
49;20;35
49;18;0
49;16;30
49;15;27
49;18;25
49;22;24
49;13;21
49;15;11
49;16;26
49;16;33
49;14;19
49;18;32
49;15;17
49;22;19
49;13;17
49;15;27
49;17;0
49;16;13
49;18;35
49;13;42
49;19;42
49;18;42
49;20;33
49;12;21
49;19;0
49;17;10
49;13;32
49;12;17
49;19;0
49;19;17
49;20;40
49;21;26
49;23;19
49;18;31
49;20;22
49;16;0
49;17;19
49;18;13
49;16;18
49;17;25
49;14;28
49;14;20
49;14;20
49;20;0
49;19;0
49;14;29
49;20;24
49;18;24
49;19;11
49;16;13
49;15;22
49;16;11
49;17;38
49;21;19
49;20;22
49;24;37
49;21;29
49;17;31
49;22;0
49;18;27
49;21;34
49;15;29
49;14;0
49;18;27
49;14;19
49;12;31
49;15;19
49;23;42
49;19;28
49;17;20
49;19;37
49;21;19
49;13;35
49;18;11
49;19;26
49;15;42
49;14;28
49;17;20
49;19;20
49;16;13
49;12;20
49;16;31
49;12;33
49;17;21
49;17;28
49;17;31
49;19;22
49;17;0
49;17;27
50;12;0
50;17;27
50;17;14
50;16;15
50;19;33
50;16;30
50;15;15
50;16;37
50;13;19
50;16;19
50;17;0
50;20;0
50;20;42
50;15;29
50;15;0
50;13;34
50;15;0
50;20;28
50;15;20
50;19;19
50;17;24
50;22;21
50;14;19
50;17;17
50;15;22
50;15;32
50;22;42
50;21;0
50;18;29
50;17;23
50;11;23
50;13;27
50;18;34
50;15;34
50;15;21
50;16;18
50;14;27
50;20;32
50;17;23
50;13;32
50;22;0
50;23;32
50;16;30
50;16;18
50;15;17
50;14;17
50;17;21
50;15;15
50;17;25
50;15;18
50;16;25
50;26;42
50;16;26
50;19;13
50;17;31
50;21;20
50;14;35
50;15;28
50;14;23
50;17;13
50;13;29
50;17;0
50;15;20
50;23;26
50;10;17
50;16;25
50;17;0
50;13;7
50;15;16
50;20;17
50;19;22
50;20;0
50;17;25
50;17;18
50;22;21
50;16;18
50;14;42
50;18;19
50;16;34
50;17;30
50;14;32
50;20;13
50;13;26
50;15;23
50;14;30
50;18;0
50;11;18
50;17;42
50;15;11
50;24;17
50;17;0
50;17;25
50;14;0
50;16;0
50;20;33
50;17;33
50;13;17
50;19;42
50;26;10
50;19;23
51;21;33
51;17;20
51;16;34
51;25;35
51;15;22
51;17;19
51;12;24
51;18;36
51;15;21
51;23;26
51;18;0
51;16;26
51;22;30
51;15;38
51;15;20
51;14;0
51;17;27
51;18;33
51;18;35
51;17;19
51;18;35
51;14;25
51;16;0
51;19;0
51;17;25
51;18;42
51;20;22
51;18;24
51;16;22
51;20;29
51;13;22
51;13;27
51;13;31
51;26;24
51;13;0
51;15;29
51;17;30
51;20;0
51;16;17
51;18;33
51;19;30
51;14;42
51;18;24
51;17;34
51;19;33
51;15;34
51;16;27
51;24;25
51;18;0
51;11;42
51;19;25
51;21;0
51;16;22
51;18;27
51;19;28
51;16;32
51;17;11
51;15;19
51;16;32
51;24;24
51;19;0
51;17;16
51;20;0
51;14;23
51;18;27
51;16;11
51;21;24
51;18;0
51;18;23
51;16;0
51;15;0
51;13;22
51;15;28
51;18;16
51;14;19
51;13;33
51;15;19
51;16;0
51;12;0
51;15;21
51;16;20
51;14;20
51;17;23
51;12;0
51;16;30
51;22;42
51;14;32
51;13;21
51;18;17
51;18;14
51;21;25
51;14;13
51;19;30
51;17;25
51;16;18
51;18;34
51;17;20
51;24;32
51;18;20
51;19;30
52;17;42
52;13;19
52;15;26
52;15;30
52;18;24
52;11;14
52;23;28
52;14;32
52;13;25
52;16;15
52;19;28
52;16;24
52;17;17
52;18;37
52;18;24
52;18;0
52;13;0
52;17;33
52;19;34
52;16;19
52;17;23
52;23;29
52;19;19
52;18;11
52;19;27
52;14;21
52;18;13
52;20;39
52;22;29
52;17;13
52;14;22
52;16;20
52;17;0
52;16;19
52;16;21
52;16;0
52;17;29
52;20;9
52;13;31
52;24;0
52;18;23
52;19;27
52;16;25
52;20;0
52;18;19
52;15;21
52;10;28
52;13;17
52;21;40
52;15;14
52;20;20
52;12;31
52;15;18
52;19;21
52;14;16
52;17;15
52;14;0
52;20;35
52;17;37
52;21;20
52;20;9
52;16;25
52;20;0
52;22;0
52;12;34
52;19;0
52;22;31
52;15;0
52;15;0
52;17;21
52;18;32
52;14;20
52;16;29
52;28;26
52;18;38
52;11;23
52;19;23
52;16;34
52;27;27
52;18;27
52;13;20
52;22;21
52;19;25
52;20;22
52;14;19
52;13;15
52;16;27
52;16;34
52;22;7
52;17;30
52;18;40
52;14;20
52;14;36
52;15;36
52;14;18
52;17;0
52;19;16
52;17;24
52;18;30
52;14;42
53;16;21
53;19;19
53;13;26
53;14;21
53;17;35
53;18;20
53;14;21
53;22;25
53;19;31
53;15;24
53;14;25
53;21;35
53;16;13
53;17;32
53;15;35
53;19;30
53;17;29
53;14;37
53;16;19
53;19;10
53;18;23
53;17;29
53;17;16
53;20;22
53;17;31
53;20;0
53;14;23
53;17;22
53;20;42
53;15;18
53;17;15
53;15;16
53;15;27
53;15;24
53;18;21
53;21;31
53;16;23
53;17;22
53;22;15
53;20;19
53;19;28
53;21;27
53;12;21
53;15;25
53;18;36
53;19;0
53;18;17
53;12;42
53;18;27
53;17;19
53;19;29
53;21;25
53;15;0
53;15;15
53;19;18
53;19;15
53;14;23
53;15;42
53;13;28
53;17;28
53;14;21
53;16;23
53;16;0
53;17;31
53;15;23
53;16;22
53;17;33
53;13;17
53;16;21
53;14;15
53;17;42
53;15;15
53;15;12
53;20;23
53;16;40
53;16;21
53;18;20
53;14;28
53;17;18
53;16;25
53;22;25
53;20;24
53;19;22
53;17;21
53;20;26
53;17;0
53;12;22
53;17;22
53;15;24
53;17;0
53;19;25
53;14;20
53;16;20
53;16;26
53;19;36
53;15;21
53;22;24
53;14;21
53;14;21
53;14;25
54;14;18
54;13;22
54;20;27
54;22;29
54;17;34
54;20;37
54;18;0
54;14;23
54;14;18
54;17;34
54;16;27
54;18;26
54;20;19
54;18;22
54;15;35
54;12;42
54;14;16
54;20;33
54;16;23
54;17;15
54;13;26
54;22;0
54;20;29
54;19;35
54;16;18
54;14;28
54;14;28
54;17;26
54;19;17
54;11;20
54;16;24
54;20;26
54;18;33
54;15;18
54;20;37
54;17;23
54;12;25
54;14;19
54;20;14
54;14;26
54;15;0
54;17;21
54;12;22
54;17;20
54;12;21
54;17;17
54;15;13
54;15;24
54;13;17
54;17;23
54;11;31
54;17;18
54;21;24
54;20;23
54;18;31
54;20;42
54;20;19
54;18;38
54;17;19
54;18;23
54;17;16
54;18;27
54;16;32
54;17;23
54;17;18
54;16;35
54;19;0
54;20;14
54;14;21
54;16;27
54;14;19
54;17;18
54;17;22
54;13;21
54;21;33
54;16;21
54;15;21
54;18;42
54;15;31
54;16;0
54;17;0
54;17;11
54;17;0
54;10;31
54;15;0
54;14;16
54;17;15
54;12;11
54;14;32
54;19;28
54;15;22
54;21;21
54;16;23
54;15;26
54;11;0
54;14;34
54;18;27
54;15;29
54;21;19
54;15;29
55;12;21
55;17;19
55;17;22
55;17;27
55;16;0
55;16;24
55;11;15
55;19;35
55;15;26
55;16;30
55;15;22
55;16;37
55;22;0
55;15;16
55;18;26
55;19;16
55;21;0
55;18;0
55;12;12
55;16;0
55;19;21
55;20;0
55;17;0
55;12;26
55;15;20
55;17;20
55;15;21
55;14;0
55;20;10
55;17;22
55;14;40
55;14;0
55;16;28
55;22;28
55;17;0
55;15;29
55;19;17
55;17;22
55;16;31
55;17;17
55;17;0
55;18;24
55;13;24
55;16;24
55;18;29
55;14;19
55;20;39
55;12;23
55;24;27
55;22;32
55;20;28
55;15;22
55;20;14
55;14;14
55;14;21
55;18;42
55;19;31
55;22;27
55;15;17
55;16;29
55;16;31
55;17;17
55;21;42
55;16;0
55;16;0
55;18;13
55;13;13
55;17;27
55;13;17
55;19;0
55;16;16
55;21;42
55;17;27
55;12;18
55;14;23
55;20;0
55;14;17
55;13;15
55;16;20
55;20;25
55;20;15
55;13;24
55;23;24
55;18;37
55;19;32
55;12;20
55;21;14
55;14;19
55;22;0
55;15;21
55;17;31
55;12;18
55;13;25
55;15;24
55;15;24
55;18;37
55;17;0
55;23;24
55;20;42
55;14;28
56;17;22
56;14;15
56;22;29
56;20;22
56;19;28
56;22;15
56;21;20
56;16;21
56;17;29
56;16;13
56;19;25
56;17;42
56;16;25
56;20;42
56;16;24
56;17;18
56;16;28
56;20;20
56;12;27
56;20;29
56;15;23
56;18;28
56;17;20
56;18;39
56;14;17
56;15;23
56;17;29
56;15;42
56;13;32
56;20;26
56;13;30
56;17;26
56;21;11
56;17;19
56;15;21
56;20;7
56;10;33
56;18;26
56;20;16
56;18;18
56;14;36
56;18;22
56;16;9
56;15;42
56;15;25
56;19;24
56;15;20
56;19;25
56;17;16
56;16;30
56;15;31
56;18;25
56;17;0
56;13;16
56;13;14
56;17;12
56;19;17
56;17;22
56;17;42
56;17;21
56;15;19
56;17;18
56;20;16
56;17;28
56;14;42
56;13;23
56;19;34
56;19;28
56;18;19
56;15;0
56;13;23
56;12;0
56;13;21
56;14;12
56;15;29
56;15;24
56;19;42
56;17;32
56;16;20
56;21;0
56;14;20
56;13;0
56;20;24
56;19;42
56;20;22
56;17;19
56;16;27
56;20;23
56;16;23
56;15;32
56;16;26
56;23;23
56;18;26
56;16;24
56;15;22
56;10;35
56;18;29
56;18;14
56;15;42
56;14;13
57;15;33
57;18;23
57;13;29
57;16;36
57;18;20
57;17;0
57;16;21
57;17;22
57;17;16
57;17;31
57;20;0
57;16;31
57;17;42
57;17;20
57;19;0
57;19;34
57;22;23
57;17;0
57;18;25
57;18;0
57;17;15
57;9;42
57;18;19
57;16;15
57;16;0
57;18;42
57;15;11
57;15;21
57;14;0
57;14;14
57;15;21
57;20;0
57;21;31
57;18;20
57;18;16
57;19;42
57;15;22
57;15;42
57;20;14
57;15;29
57;20;20
57;12;42
57;14;18
57;22;22
57;15;37
57;22;0
57;19;0
57;17;24
57;15;42
57;18;27
57;17;26
57;20;26
57;20;9
57;18;42
57;17;21
57;14;14
57;15;36
57;20;14
57;17;0
57;19;17
57;13;21
57;21;25
57;15;0
57;15;23
57;16;20
57;13;34
57;14;33
57;20;27
57;17;0
57;20;23
57;14;15
57;17;23
57;16;21
57;18;26
57;19;22
57;18;22
57;17;17
57;11;30
57;18;19
57;17;24
57;17;23
57;18;17
57;17;31
57;16;20
57;18;34
57;17;36
57;14;25
57;15;29
57;14;30
57;17;21
57;16;7
57;14;18
57;18;0
57;14;0
57;14;15
57;19;37
57;18;26
57;14;21
57;12;23
57;15;24
58;16;42
58;19;20
58;17;0
58;17;25
58;14;19
58;15;24
58;14;30
58;16;0
58;16;28
58;12;10
58;16;20
58;17;21
58;15;24
58;20;21
58;11;24
58;15;23
58;23;27
58;16;9
58;17;20
58;10;23
58;17;21
58;14;0
58;21;39
58;16;16
58;19;23
58;14;24
58;17;25
58;17;42
58;11;21
58;19;21
58;17;0
58;19;0
58;19;0
58;17;18
58;17;14
58;17;0
58;18;42
58;19;20
58;20;15
58;16;26
58;18;29
58;22;27
58;15;30
58;23;15
58;11;27
58;17;21
58;14;16
58;14;30
58;16;27
58;12;32
58;18;39
58;16;21
58;23;19
58;24;30
58;15;22
58;19;0
58;12;15
58;14;11
58;17;19
58;16;35
58;12;23
58;17;21
58;19;22
58;18;24
58;16;12
58;13;36
58;18;26
58;15;23
58;17;23
58;10;29
58;23;0
58;18;24
58;24;21
58;13;28
58;18;24
58;15;21
58;21;29
58;16;38
58;17;17
58;17;19
58;16;21
58;17;21
58;16;19
58;14;29
58;17;42
58;20;34
58;17;27
58;20;23
58;17;19
58;18;19
58;15;37
58;14;16
58;20;0
58;15;25
58;18;23
58;14;21
58;14;18
58;21;0
58;23;30
58;15;24
59;13;22
59;12;39
59;21;0
59;17;21
59;22;0
59;21;32
59;16;20
59;17;0
59;16;16
59;19;9
59;14;21
59;17;32
59;9;17
59;18;19
59;17;30
59;18;19
59;20;20
59;18;42
59;14;0
59;21;42
59;16;22
59;19;18
59;19;23
59;19;0
59;16;27
59;14;33
59;24;21
59;12;0
59;20;27
59;20;21
59;13;19
59;18;21
59;18;33
59;18;0
59;11;23
59;12;0
59;13;29
59;20;7
59;20;24
59;17;34
59;16;23
59;20;38
59;12;31
59;14;20
59;20;19
59;17;24
59;13;18
59;17;42
59;18;24
59;17;23
59;17;31
59;13;31
59;13;29
59;13;25
59;16;17
59;19;0
59;22;0
59;16;20
59;15;0
59;22;30
59;13;31
59;12;42
59;20;19
59;18;21
59;16;0
59;20;0
59;15;15
59;21;23
59;21;23
59;16;21
59;13;30
59;9;17
59;13;24
59;19;0
59;16;32
59;18;42
59;12;19
59;16;0
59;16;33
59;16;30
59;13;32
59;19;18
59;11;17
59;13;42
59;14;14
59;21;0
59;20;31
59;19;31
59;20;20
59;15;33
59;20;0
59;24;19
59;18;23
59;18;39
59;18;23
59;15;0
59;17;0
59;15;7
59;15;11
59;16;0
60;14;30
60;16;0
60;20;31
60;20;7
60;15;15
60;14;23
60;18;17
60;21;0
60;16;28
60;13;24
60;15;18
60;18;20
60;18;24
60;16;36
60;18;25
60;16;22
60;13;32
60;9;15
60;13;42
60;21;28
60;17;28
60;16;0
60;21;42
60;17;19
60;17;0
60;20;34
60;14;17
60;25;33
60;12;28
60;15;29
60;21;30
60;19;42
60;16;25
60;9;24
60;17;32
60;20;0
60;13;0
60;14;0
60;15;21
60;24;18
60;18;17
60;16;26
60;21;0
60;19;24
60;15;23
60;19;32
60;12;22
60;19;13
60;16;25
60;15;19
60;20;42
60;19;25
60;18;30
60;16;22
60;22;25
60;13;0
60;14;24
60;21;22
60;17;21
60;21;27
60;11;42
60;14;27
60;18;0
60;21;17
60;14;35
60;21;28
60;22;37
60;14;39
60;17;23
60;19;36
60;15;25
60;17;31
60;22;0
60;13;16
60;18;24
60;19;20
60;16;18
60;18;19
60;17;34
60;21;19
60;18;12
60;17;19
60;16;21
60;19;34
60;15;13
60;17;23
60;17;26
60;23;0
60;16;26
60;17;11
60;15;27
60;13;0
60;18;38
60;18;18
60;15;27
60;17;42
60;16;25
60;21;32
60;13;15
60;17;25
61;12;14
61;16;27
61;16;36
61;14;14
61;18;21
61;22;30
61;13;38
61;17;32
61;21;26
61;19;31
61;17;0
61;14;21
61;21;0
61;17;40
61;20;36
61;13;33
61;18;23
61;19;34
61;16;23
61;16;19
61;15;21
61;16;22
61;20;13
61;21;42
61;12;34
61;15;0
61;17;33
61;17;0
61;21;21
61;18;0
61;20;0
61;16;19
61;21;0
61;19;39
61;17;42
61;18;30
61;21;19
61;19;0
61;17;23
61;21;23
61;20;0
61;23;24
61;16;31
61;19;0
61;18;29
61;17;33
61;16;0
61;17;0
61;24;26
61;15;21
61;17;28
61;17;21
61;11;19
61;17;42
61;17;35
61;13;0
61;21;29
61;17;42
61;19;25
61;14;27
61;17;26
61;15;38
61;12;27
61;14;26
61;15;27
61;18;34
61;19;41
61;19;42
61;18;0
61;18;9
61;21;39
61;13;29
61;17;24
61;20;42
61;13;19
61;17;20
61;16;35
61;15;29
61;16;32
61;19;18
61;16;30
61;16;23
61;19;0
61;19;42
61;21;20
61;17;32
61;19;23
61;12;28
61;13;25
61;15;26
61;16;35
61;16;39
61;23;0
61;18;42
61;18;11
61;20;15
61;21;42
61;16;20
61;18;42
61;16;0
62;16;30
62;15;22
62;16;42
62;19;15
62;14;16
62;14;33
62;12;16
62;19;24
62;18;25
62;21;29
62;24;26
62;23;20
62;18;20
62;14;32
62;22;0
62;18;30
62;21;27
62;17;0
62;17;26
62;22;28
62;19;18
62;21;32
62;16;16
62;9;0
62;19;0
62;17;42
62;21;29
62;18;25
62;18;30
62;11;0
62;17;25
62;19;0
62;14;19
62;17;41
62;19;27
62;17;39
62;19;21
62;18;17
62;22;25
62;15;42
62;12;42
62;15;35
62;20;28
62;20;29
62;18;19
62;17;24
62;15;27
62;20;42
62;16;0
62;19;42
62;21;31
62;15;17
62;17;31
62;19;19
62;16;0
62;16;0
62;17;0
62;19;35
62;22;28
62;19;19
62;20;31
62;19;36
62;17;0
62;18;29
62;13;25
62;17;20
62;18;0
62;14;16
62;20;29
62;15;14
62;19;16
62;20;42
62;20;42
62;20;21
62;20;37
62;23;0
62;20;27
62;19;15
62;24;28
62;12;20
62;17;17
62;16;0
62;17;17
62;18;19
62;13;35
62;17;17
62;20;22
62;18;0
62;16;28
62;11;24
62;19;35
62;22;42
62;18;31
62;15;29
62;15;24
62;15;23
62;16;15
62;20;16
62;13;31
62;18;42
63;19;20
63;13;34
63;14;19
63;20;28
63;15;26
63;20;25
63;17;24
63;22;31
63;15;0
63;17;26
63;16;35
63;11;42
63;20;31
63;23;21
63;18;25
63;16;30
63;16;42
63;19;42
63;15;0
63;16;27
63;16;19
63;16;25
63;18;0
63;19;33
63;12;23
63;20;27
63;16;35
63;15;19
63;20;0
63;20;0
63;20;20
63;14;8
63;17;29
63;12;25
63;11;0
63;18;0
63;22;0
63;19;20
63;16;32
63;21;17
63;16;22
63;16;27
63;13;0
63;21;0
63;14;30
63;17;27
63;17;0
63;15;31
63;16;21
63;18;12
63;24;42
63;16;22
63;18;31
63;17;0
63;16;23
63;21;38
63;19;0
63;18;20
63;18;32
63;14;0
63;15;28
63;15;14
63;22;42
63;24;0
63;19;37
63;19;31
63;17;21
63;8;29
63;19;25
63;20;0
63;17;21
63;19;33
63;23;0
63;23;19
63;19;23
63;17;0
63;13;34
63;17;25
63;12;27
63;17;19
63;19;23
63;16;10
63;18;36
63;18;24
63;15;30
63;14;27
63;12;0
63;14;21
63;20;23
63;18;21
63;23;16
63;18;0
63;16;16
63;14;24
63;18;20
63;18;33
63;13;15
63;19;27
63;16;15
63;18;26
64;19;28
64;16;23
64;14;31
64;15;27
64;17;29
64;17;23
64;32;26
64;18;24
64;14;0
64;20;0
64;15;0
64;20;25
64;22;25
64;20;21
64;21;37
64;18;13
64;20;0
64;16;19
64;19;11
64;11;27
64;16;42
64;16;23
64;20;24
64;11;18
64;14;27
64;22;42
64;20;22
64;14;17
64;19;24
64;16;21
64;20;27
64;20;30
64;16;22
64;18;28
64;18;35
64;15;14
64;17;13
64;19;19
64;19;20
64;23;0
64;16;10
64;18;17
64;18;0
64;19;23
64;17;31
64;18;16
64;20;42
64;21;27
64;22;29
64;19;20
64;18;37
64;17;21
64;19;32
64;19;0
64;13;7
64;23;24
64;15;21
64;13;32
64;18;0
64;18;29
64;17;33
64;17;16
64;16;39
64;16;24
64;17;21
64;15;16
64;17;0
64;19;25
64;20;0
64;20;33
64;26;31
64;13;0
64;19;28
64;17;28
64;18;0
64;15;0
64;20;0
64;17;14
64;18;18
64;13;22
64;15;34
64;20;42
64;19;21
64;15;30
64;18;23
64;19;38
64;22;30
64;16;21
64;20;0
64;17;25
64;16;24
64;21;25
64;17;0
64;15;14
64;17;34
64;19;36
64;17;27
64;20;42
64;13;32
64;18;33
65;19;34
65;20;32
65;17;28
65;16;20
65;12;23
65;17;12
65;19;23
65;15;30
65;23;30
65;16;0
65;17;37
65;11;16
65;14;21
65;18;0
65;16;17
65;19;31
65;17;36
65;17;32
65;18;0
65;13;19
65;20;19
65;15;27
65;17;0
65;18;0
65;13;35
65;17;24
65;16;19
65;19;0
65;16;17
65;11;21
65;17;42
65;18;33
65;15;21
65;15;29
65;23;34
65;18;30
65;15;14
65;24;28
65;20;29
65;15;19
65;11;0
65;13;42
65;13;40
65;24;26
65;15;21
65;20;0
65;20;30
65;18;0
65;17;31
65;28;27
65;26;42
65;17;0
65;19;23
65;18;26
65;24;11
65;14;30
65;26;31
65;16;33
65;19;29
65;14;17
65;17;18
65;20;32
65;13;0
65;15;14
65;15;18
65;18;40
65;18;0
65;17;32
65;10;23
65;16;28
65;16;31
65;20;32
65;20;42
65;16;0
65;15;28
65;15;19
65;19;31
65;19;22
65;20;24
65;22;0
65;15;39
65;21;19
65;19;0
65;18;0
65;21;23
65;16;28
65;13;23
65;18;26
65;19;17
65;13;33
65;21;12
65;15;25
65;14;19
65;12;0
65;15;20
65;18;29
65;17;27
65;22;42
65;10;26
65;20;19
66;15;35
66;19;0
66;23;34
66;16;0
66;16;24
66;19;22
66;19;28
66;18;19
66;13;19
66;22;28
66;22;0
66;16;0
66;14;28
66;18;0
66;15;19
66;18;42
66;19;27
66;19;42
66;13;21
66;20;37
66;13;26
66;16;35
66;22;24
66;18;41
66;20;30
66;16;39
66;12;31
66;21;19
66;19;35
66;15;31
66;14;41
66;15;37
66;17;28
66;17;18
66;18;27
66;16;42
66;17;42
66;17;42
66;19;35
66;18;0
66;17;0
66;14;27
66;12;19
66;19;0
66;12;31
66;22;20
66;19;42
66;18;29
66;17;15
66;15;30
66;17;0
66;11;27
66;18;30
66;17;28
66;15;23
66;20;13
66;22;0
66;21;38
66;12;27
66;23;40
66;15;42
66;12;28
66;13;40
66;16;27
66;15;29
66;14;42
66;19;0
66;15;29
66;18;29
66;19;42
66;18;31
66;19;27
66;19;24
66;12;23
66;15;27
66;16;25
66;19;33
66;18;25
66;20;40
66;19;42
66;19;22
66;18;42
66;21;42
66;20;24
66;16;0
66;14;20
66;18;25
66;16;19
66;15;39
66;14;22
66;17;30
66;12;30
66;23;42
66;14;27
66;17;26
66;22;0
66;14;21
66;16;42
66;15;27
66;16;30
67;16;31
67;13;16
67;22;0
67;18;21
67;18;0
67;15;25
67;15;22
67;16;24
67;25;13
67;20;25
67;18;24
67;18;41
67;16;22
67;16;32
67;13;32
67;16;27
67;21;34
67;20;0
67;14;0
67;16;30
67;14;22
67;17;31
67;16;28
67;14;31
67;15;17
67;19;0
67;12;25
67;19;29
67;14;32
67;17;21
67;15;34
67;14;25
67;20;18
67;12;32
67;21;0
67;19;21
67;15;17
67;16;29
67;16;24
67;17;0
67;18;30
67;20;29
67;16;23
67;15;37
67;22;16
67;12;33
67;24;25
67;14;33
67;14;41
67;22;28
67;16;27
67;15;17
67;14;42
67;17;17
67;12;30
67;25;32
67;16;23
67;14;25
67;23;24
67;17;0
67;24;36
67;17;22
67;20;25
67;13;23
67;19;42
67;26;37
67;17;29
67;23;37
67;16;30
67;15;37
67;18;30
67;25;26
67;25;22
67;16;33
67;19;25
67;22;0
67;15;0
67;18;28
67;20;35
67;18;42
67;20;23
67;20;20
67;17;29
67;15;33
67;19;14
67;14;18
67;20;39
67;14;30
67;14;25
67;22;17
67;20;29
67;17;39
67;22;22
67;19;13
67;13;29
67;18;26
67;20;0
67;12;35
67;21;22
67;17;15
68;14;16
68;11;0
68;15;11
68;12;26
68;20;25
68;20;25
68;16;42
68;15;25
68;20;0
68;19;0
68;15;21
68;16;34
68;18;18
68;19;42
68;17;0
68;12;17
68;18;30
68;16;22
68;22;20
68;20;0
68;17;18
68;19;23
68;15;0
68;16;42
68;18;0
68;18;31
68;20;38
68;10;31
68;20;27
68;18;15
68;16;27
68;24;18
68;15;38
68;19;0
68;18;42
68;13;26
68;21;22
68;15;0
68;11;21
68;17;35
68;15;0
68;19;17
68;19;24
68;13;23
68;14;0
68;19;42
68;14;23
68;18;31
68;18;19
68;18;0
68;17;21
68;21;19
68;16;13
68;20;0
68;13;29
68;18;23
68;18;25
68;16;42
68;13;27
68;15;21
68;21;23
68;20;35
68;13;24
68;17;41
68;11;21
68;12;24
68;19;12
68;17;33
68;13;17
68;15;0
68;16;35
68;17;21
68;12;11
68;14;29
68;22;32
68;21;26
68;16;0
68;19;21
68;18;21
68;16;42
68;19;37
68;17;25
68;14;28
68;17;42
68;14;21
68;17;13
68;16;0
68;15;21
68;24;0
68;15;0
68;18;20
68;13;25
68;24;42
68;15;9
68;17;37
68;14;36
68;20;27
68;21;30
68;12;26
68;14;29
69;21;42
69;15;21
69;18;20
69;18;18
69;15;0
69;17;17
69;17;30
69;20;13
69;21;42
69;15;36
69;15;42
69;20;23
69;15;21
69;14;14
69;18;26
69;17;17
69;18;20
69;17;22
69;20;21
69;19;42
69;18;41
69;15;35
69;20;28
69;19;28
69;23;35
69;21;42
69;15;25
69;14;27
69;15;23
69;17;31
69;15;35
69;12;22
69;13;22
69;22;18
69;13;33
69;12;18
69;16;22
69;14;42
69;14;28
69;10;33
69;14;25
69;17;0
69;12;27
69;18;30
69;19;21
69;24;0
69;16;36
69;19;24
69;17;15
69;17;25
69;14;0
69;19;0
69;19;23
69;20;42
69;16;0
69;16;32
69;21;19
69;14;38
69;14;35
69;19;0
69;13;22
69;16;27
69;18;20
69;19;0
69;19;29
69;16;23
69;18;41
69;20;23
69;17;0
69;18;20
69;22;20
69;18;15
69;20;0
69;14;32
69;21;25
69;20;23
69;16;21
69;19;0
69;21;0
69;19;21
69;13;36
69;16;28
69;19;29
69;25;15
69;22;32
69;17;37
69;16;28
69;16;0
69;22;0
69;14;26
69;19;29
69;18;31
69;14;18
69;19;28
69;17;40
69;21;42
69;15;24
69;14;20
69;12;42
69;14;32
70;13;0
70;16;13
70;23;42
70;18;15
70;17;16
70;16;28
70;19;23
70;15;20
70;13;31
70;18;21
70;18;27
70;12;28
70;21;31
70;20;25
70;15;42
70;11;19
70;23;0
70;19;30
70;11;27
70;17;22
70;20;0
70;22;28
70;18;21
70;16;19
70;13;28
70;14;20
70;22;28
70;17;24
70;14;42
70;17;0
70;15;26
70;22;31
70;17;39
70;17;0
70;16;42
70;22;0
70;14;25
70;18;20
70;17;42
70;15;31
70;20;20
70;19;21
70;15;0
70;17;30
70;13;27
70;19;0
70;20;38
70;17;24
70;20;35
70;23;18
70;17;34
70;15;31
70;22;13
70;18;23
70;14;30
70;19;18
70;17;0
70;18;27
70;15;23
70;18;23
70;16;22
70;16;24
70;18;33
70;14;25
70;20;34
70;20;25
70;22;0
70;12;33
70;22;22
70;19;23
70;18;22
70;16;31
70;19;13
70;20;35
70;24;27
70;17;33
70;16;16
70;14;32
70;18;31
70;17;32
70;24;29
70;11;29
70;18;22
70;18;27
70;21;30
70;17;33
70;15;17
70;16;29
70;15;34
70;13;22
70;21;19
70;11;42
70;21;32
70;17;42
70;16;42
70;20;17
70;18;11
70;13;23
70;22;22
70;13;26
71;9;19
71;17;31
71;22;23
71;17;23
71;17;19
71;16;19
71;20;24
71;16;19
71;14;22
71;18;42
71;10;32
71;17;17
71;21;17
71;18;42
71;17;32
71;15;35
71;15;33
71;18;29
71;11;32
71;18;16
71;14;42
71;13;24
71;15;22
71;10;28
71;21;31
71;21;34
71;19;39
71;13;11
71;19;29
71;19;0
71;15;25
71;18;24
71;18;33
71;16;13
71;16;25
71;17;35
71;21;0
71;19;0
71;21;28
71;20;32
71;14;20
71;15;37
71;17;19
71;17;0
71;18;14
71;14;35
71;14;17
71;20;25
71;19;31
71;22;37
71;20;29
71;17;42
71;17;28
71;13;19
71;12;32
71;17;34
71;18;0
71;8;42
71;16;20
71;18;27
71;19;28
71;21;22
71;19;21
71;20;20
71;20;35
71;18;28
71;20;19
71;16;34
71;19;21
71;22;40
71;19;0
71;19;34
71;19;34
71;21;22
71;23;20
71;15;42
71;19;19
71;14;30
71;14;34
71;17;28
71;17;21
71;20;13
71;22;17
71;19;33
71;17;31
71;20;35
71;12;24
71;16;42
71;19;15
71;18;24
71;17;38
71;12;32
71;16;41
71;18;30
71;15;17
71;14;28
71;14;36
71;14;21
71;16;0
71;13;20
72;15;28
72;20;32
72;12;32
72;18;42
72;20;23
72;20;10
72;15;26
72;17;0
72;19;19
72;23;27
72;12;42
72;25;24
72;19;13
72;21;20
72;18;30
72;14;19
72;18;18
72;24;42
72;16;25
72;19;35
72;16;28
72;18;34
72;18;15
72;17;26
72;19;38
72;13;42
72;15;22
72;21;22
72;15;42
72;15;16
72;19;0
72;11;21
72;21;0
72;15;25
72;15;18
72;15;35
72;18;23
72;22;22
72;20;26
72;16;0
72;18;23
72;19;18
72;16;31
72;16;20
72;10;27
72;17;30
72;20;0
72;13;31
72;15;0
72;17;23
72;14;25
72;20;0
72;16;30
72;15;30
72;17;37
72;16;25
72;19;26
72;18;30
72;25;32
72;18;39
72;19;40
72;20;42
72;22;26
72;18;0
72;21;36
72;18;27
72;13;33
72;21;19
72;18;0
72;12;42
72;14;18
72;23;32
72;17;42
72;13;31
72;16;0
72;17;22
72;16;0
72;18;42
72;16;0
72;18;0
72;13;35
72;24;0
72;23;0
72;20;39
72;22;17
72;14;28
72;16;17
72;12;27
72;16;42
72;19;0
72;25;31
72;18;27
72;14;28
72;16;33
72;16;29
72;18;42
72;13;19
72;25;41
72;21;39
72;15;25
73;16;28
73;14;35
73;22;42
73;15;21
73;16;21
73;15;32
73;14;0
73;13;14
73;20;0
73;20;23
73;17;22
73;17;14
73;18;0
73;23;18
73;23;28
73;20;20
73;19;27
73;19;11
73;18;25
73;22;26
73;22;29
73;23;13
73;18;29
73;20;22
73;15;25
73;18;37
73;16;42
73;17;26
73;20;0
73;17;27
73;17;14
73;16;42
73;21;15
73;16;35
73;17;0
73;21;22
73;16;19
73;22;38
73;16;27
73;14;27
73;19;25
73;22;41
73;19;31
73;17;25
73;17;30
73;12;17
73;11;23
73;20;29
73;14;27
73;13;0
73;24;33
73;17;23
73;14;36
73;24;21
73;19;34
73;14;0
73;12;33
73;20;23
73;17;37
73;19;21
73;19;35
73;17;32
73;22;35
73;17;20
73;17;26
73;20;24
73;12;22
73;17;35
73;18;13
73;19;27
73;20;31
73;18;18
73;16;17
73;18;25
73;17;25
73;8;23
73;13;26
73;17;27
73;18;24
73;17;0
73;21;41
73;18;28
73;24;25
73;16;34
73;17;0
73;17;25
73;21;30
73;21;34
73;19;0
73;17;42
73;17;0
73;17;8
73;21;20
73;20;32
73;16;24
73;24;29
73;15;31
73;24;0
73;18;28
73;22;0
74;22;0
74;19;0
74;17;0
74;11;13
74;19;32
74;15;28
74;17;22
74;15;0
74;18;42
74;21;25
74;20;40
74;17;29
74;17;41
74;17;18
74;15;32
74;18;27
74;15;18
74;18;27
74;19;21
74;22;40
74;21;0
74;28;0
74;15;32
74;18;16
74;17;29
74;16;0
74;19;25
74;24;32
74;22;21
74;23;27
74;21;17
74;23;33
74;23;24
74;17;24
74;19;35
74;16;35
74;18;21
74;21;39
74;18;21
74;15;32
74;14;0
74;21;31
74;16;25
74;19;42
74;21;34
74;27;27
74;22;28
74;17;20
74;26;13
74;15;32
74;18;28
74;21;18
74;17;22
74;15;0
74;16;21
74;15;23
74;20;42
74;18;20
74;20;42
74;19;0
74;20;0
74;20;32
74;19;16
74;17;33
74;21;0
74;15;31
74;13;27
74;19;21
74;19;19
74;23;20
74;11;27
74;19;15
74;20;12
74;16;37
74;19;0
74;13;21
74;17;0
74;19;14
74;21;22
74;15;26
74;23;10
74;18;0
74;15;19
74;23;16
74;19;30
74;20;28
74;23;25
74;13;42
74;17;30
74;17;35
74;20;25
74;23;25
74;17;17
74;20;17
74;18;0
74;14;0
74;19;26
74;19;23
74;17;18
74;23;29
75;17;24
75;19;25
75;14;0
75;24;36
75;17;16
75;15;18
75;16;25
75;20;23
75;21;33
75;17;13
75;17;29
75;15;33
75;21;36
75;17;19
75;21;29
75;18;32
75;16;35
75;21;15
75;21;0
75;18;19
75;18;0
75;19;30
75;17;15
75;20;42
75;17;26
75;18;18
75;20;39
75;11;27
75;16;0
75;18;0
75;22;0
75;20;36
75;19;19
75;25;26
75;26;21
75;15;30
75;22;18
75;26;34
75;18;23
75;11;32
75;22;0
75;16;42
75;21;25
75;19;25
75;15;22
75;18;33
75;14;29
75;19;42
75;17;0
75;14;25
75;24;32
75;17;0
75;14;36
75;19;27
75;16;17
75;18;17
75;20;32
75;17;33
75;21;32
75;21;14
75;11;35
75;24;0
75;23;20
75;21;33
75;18;30
75;16;18
75;21;12
75;22;0
75;30;42
75;14;0
75;11;31
75;17;20
75;13;34
75;20;26
75;18;19
75;17;23
75;16;32
75;16;42
75;15;31
75;22;33
75;25;31
75;19;12
75;15;29
75;20;29
75;10;16
75;25;21
75;21;26
75;15;27
75;17;0
75;22;40
75;15;0
75;18;15
75;19;0
75;17;42
75;14;0
75;17;33
75;15;42
75;14;29
75;14;31
75;18;26
76;17;20
76;18;29
76;21;22
76;14;42
76;16;28
76;23;25
76;17;28
76;18;24
76;21;27
76;16;15
76;18;17
76;17;0
76;20;0
76;22;15
76;16;11
76;18;26
76;14;22
76;13;21
76;23;19
76;16;25
76;18;24
76;16;21
76;18;0
76;15;27
76;17;0
76;17;35
76;18;25
76;19;34
76;16;22
76;9;36
76;21;22
76;27;26
76;14;28
76;17;0
76;21;25
76;13;0
76;22;20
76;18;18
76;13;32
76;17;23
76;16;26
76;23;18
76;18;40
76;20;26
76;16;28
76;14;25
76;19;21
76;14;38
76;21;0
76;14;13
76;18;0
76;23;20
76;19;23
76;19;0
76;18;0
76;19;30
76;21;19
76;15;22
76;19;34
76;15;27
76;16;20
76;17;24
76;17;28
76;17;0
76;19;21
76;19;8
76;16;19
76;19;42
76;20;24
76;20;38
76;19;23
76;18;28
76;13;31
76;16;23
76;16;16
76;18;0
76;18;24
76;14;35
76;19;29
76;17;21
76;13;39
76;19;34
76;17;29
76;21;14
76;20;0
76;13;39
76;21;0
76;22;28
76;16;17
76;15;29
76;14;42
76;12;27
76;15;30
76;15;24
76;16;24
76;19;38
76;15;25
76;20;0
76;16;36
76;18;11
77;21;27
77;25;21
77;22;29
77;14;0
77;21;26
77;15;29
77;20;28
77;22;21
77;17;0
77;22;28
77;19;33
77;15;33
77;21;18
77;18;22
77;25;25
77;20;0
77;16;0
77;17;36
77;16;0
77;20;33
77;16;17
77;9;28
77;26;0
77;11;24
77;18;22
77;22;34
77;14;19
77;15;26
77;20;31
77;20;22
77;14;24
77;19;42
77;22;27
77;21;17
77;17;23
77;19;25
77;15;23
77;22;22
77;20;18
77;17;15
77;19;24
77;13;20
77;19;42
77;13;35
77;19;21
77;14;31
77;21;0
77;15;42
77;14;41
77;19;34
77;15;0
77;16;25
77;21;29
77;20;22
77;20;22
77;22;28
77;19;31
77;23;21
77;19;14
77;18;28
77;19;42
77;21;19
77;19;0
77;16;18
77;23;30
77;16;39
77;21;20
77;19;20
77;22;11
77;21;21
77;17;33
77;19;24
77;13;42
77;21;30
77;15;19
77;15;33
77;18;25
77;16;27
77;15;0
77;23;27
77;23;24
77;24;34
77;18;21
77;19;0
77;16;30
77;18;25
77;18;29
77;21;15
77;15;28
77;22;24
77;21;0
77;18;19
77;18;0
77;17;19
77;18;24
77;23;0
77;15;26
77;20;20
77;20;33
77;21;42
78;15;21
78;19;23
78;24;25
78;15;31
78;10;34
78;15;0
78;18;16
78;22;33
78;14;0
78;16;36
78;17;21
78;23;22
78;20;0
78;19;26
78;19;22
78;12;42
78;18;25
78;20;23
78;19;18
78;16;26
78;17;32
78;17;20
78;20;28
78;15;15
78;15;31
78;12;34
78;23;42
78;12;29
78;16;30
78;16;21
78;18;32
78;15;0
78;17;24
78;14;26
78;16;22
78;20;27
78;21;22
78;21;12
78;18;0
78;17;29
78;20;20
78;13;28
78;15;22
78;22;42
78;21;34
78;16;21
78;17;20
78;15;21
78;16;29
78;20;17
78;18;40
78;17;13
78;12;0
78;15;30
78;12;26
78;19;42
78;18;19
78;16;25
78;15;32
78;17;26
78;17;42
78;12;20
78;19;13
78;14;0
78;21;0
78;16;33
78;18;42
78;21;23
78;18;0
78;22;20
78;15;16
78;17;20
78;19;13
78;11;29
78;17;0
78;18;29
78;18;23
78;19;40
78;21;16
78;18;0
78;11;27
78;15;15
78;19;36
78;23;19
78;15;41
78;19;23
78;15;0
78;19;14
78;22;42
78;21;42
78;14;32
78;19;42
78;26;40
78;24;37
78;18;23
78;15;14
78;21;40
78;21;18
78;14;24
78;14;17
79;20;0
79;18;42
79;20;32
79;20;42
79;23;22
79;17;0
79;21;28
79;20;34
79;16;34
79;18;10
79;11;19
79;16;0
79;18;19
79;18;21
79;15;0
79;12;37
79;21;25
79;20;31
79;14;34
79;18;25
79;19;0
79;12;0
79;18;28
79;16;21
79;22;18
79;20;19
79;17;0
79;16;0
79;20;41
79;21;13
79;18;18
79;20;42
79;20;15
79;13;17
79;17;0
79;17;27
79;20;18
79;24;24
79;22;42
79;19;42
79;13;36
79;18;0
79;16;34
79;23;35
79;19;26
79;19;26
79;12;24
79;21;0
79;17;27
79;15;0
79;20;29
79;20;22
79;20;23
79;14;23
79;17;31
79;21;17
79;13;0
79;17;13
79;13;19
79;19;17
79;16;0
79;21;0
79;21;24
79;15;0
79;15;0
79;18;0
79;18;26
79;15;0
79;18;17
79;20;23
79;20;0
79;15;26
79;17;27
79;19;32
79;18;30
79;23;15
79;19;17
79;13;11
79;22;17
79;17;28
79;17;31
79;23;30
79;15;17
79;17;0
79;16;33
79;22;0
79;20;39
79;20;23
79;18;30
79;18;24
79;17;42
79;20;38
79;21;31
79;17;42
79;23;29
79;16;18
79;17;31
79;12;19
79;15;21
79;14;23
80;14;27
80;17;21
80;18;20
80;18;26
80;11;23
80;19;31
80;17;26
80;19;29
80;18;26
80;17;42
80;18;15
80;16;0
80;16;0
80;18;0
80;20;28
80;18;22
80;19;27
80;16;28
80;25;34
80;15;42
80;14;36
80;14;37
80;16;36
80;23;25
80;19;12
80;19;35
80;16;30
80;12;10
80;17;0
80;18;18
80;13;21
80;19;0
80;20;23
80;16;20
80;16;0
80;17;21
80;16;19
80;17;42
80;24;23
80;20;22
80;19;29
80;20;24
80;20;40
80;18;36
80;18;17
80;16;0
80;22;0
80;19;38
80;22;29
80;20;28
80;25;24
80;14;28
80;13;0
80;17;36
80;18;0
80;18;19
80;19;27
80;14;38
80;15;35
80;17;29
80;19;42
80;18;17
80;13;23
80;18;35
80;18;16
80;20;25
80;15;0
80;17;31
80;20;27
80;14;31
80;11;27
80;16;31
80;20;31
80;18;24
80;24;0
80;17;22
80;20;20
80;15;12
80;21;28
80;15;14
80;17;42
80;15;27
80;18;15
80;16;0
80;18;33
80;21;9
80;16;37
80;13;13
80;24;0
80;20;21
80;17;24
80;22;27
80;19;20
80;21;20
80;16;42
80;12;19
80;20;20
80;14;20
80;19;0
80;20;29
81;16;25
81;13;25
81;15;0
81;22;30
81;22;32
81;15;36
81;23;0
81;18;21
81;18;23
81;19;42
81;14;42
81;21;42
81;17;20
81;19;19
81;17;24
81;19;32
81;22;21
81;15;33
81;18;25
81;16;27
81;22;27
81;23;18
81;19;21
81;15;31
81;18;34
81;17;27
81;14;0
81;25;38
81;18;25
81;16;29
81;16;13
81;19;0
81;18;28
81;25;42
81;19;22
81;13;23
81;22;22
81;18;21
81;16;42
81;12;19
81;14;28
81;17;36
81;18;0
81;15;20
81;22;21
81;13;17
81;15;23
81;17;18
81;20;31
81;18;29
81;17;0
81;13;30
81;24;32
81;22;29
81;20;21
81;13;19
81;16;22
81;16;30
81;18;22
81;14;0
81;20;32
81;17;34
81;25;0
81;21;23
81;13;25
81;17;28
81;16;25
81;17;23
81;16;27
81;13;20
81;20;36
81;21;20
81;14;42
81;17;27
81;17;23
81;18;34
81;18;19
81;14;30
81;15;25
81;20;21
81;17;15
81;19;27
81;19;30
81;22;32
81;26;42
81;18;13
81;14;13
81;22;21
81;18;33
81;18;32
81;14;29
81;16;34
81;16;16
81;20;13
81;18;27
81;22;25
81;14;15
81;17;13
81;14;32
81;17;24
82;14;14
82;17;16
82;15;24
82;18;17
82;13;26
82;17;42
82;21;31
82;20;30
82;17;22
82;17;29
82;17;17
82;25;25
82;17;0
82;13;26
82;20;25
82;15;17
82;16;27
82;18;23
82;15;35
82;15;0
82;21;31
82;19;35
82;20;30
82;28;34
82;26;38
82;16;0
82;19;13
82;14;27
82;21;25
82;19;0
82;13;15
82;18;0
82;18;42
82;17;28
82;15;0
82;17;31
82;24;20
82;17;38
82;15;23
82;15;21
82;12;26
82;23;22
82;22;0
82;20;20
82;15;18
82;18;36
82;15;21
82;16;29
82;19;0
82;15;20
82;13;0
82;17;0
82;10;28
82;15;33
82;10;29
82;21;42
82;15;26
82;17;20
82;18;0
82;20;0
82;13;25
82;22;19
82;18;0
82;12;31
82;13;22
82;17;39
82;19;25
82;20;23
82;16;33
82;16;23
82;20;7
82;17;14
82;20;29
82;14;22
82;19;21
82;17;27
82;21;34
82;13;22
82;21;26
82;22;26
82;14;32
82;15;19
82;15;26
82;18;42
82;20;21
82;13;31
82;17;35
82;18;34
82;17;0
82;12;20
82;13;31
82;11;27
82;15;29
82;17;24
82;19;32
82;25;42
82;16;24
82;17;12
82;20;25
82;22;38
83;16;29
83;18;20
83;21;21
83;17;34
83;14;0
83;19;26
83;13;15
83;13;15
83;17;35
83;16;0
83;16;16
83;11;0
83;18;0
83;13;26
83;15;0
83;19;18
83;15;25
83;12;29
83;17;22
83;18;32
83;17;34
83;14;27
83;17;0
83;15;23
83;18;28
83;16;13
83;28;13
83;17;0
83;21;15
83;10;25
83;23;31
83;19;0
83;15;29
83;14;31
83;19;37
83;16;31
83;16;29
83;14;33
83;16;27
83;18;0
83;17;23
83;18;21
83;16;28
83;17;25
83;8;19
83;21;0
83;16;27
83;13;34
83;19;15
83;12;29
83;17;40
83;16;42
83;20;32
83;17;17
83;18;38
83;18;35
83;18;26
83;16;28
83;17;24
83;20;0
83;10;30
83;20;23
83;19;28
83;15;30
83;14;28
83;22;18
83;17;38
83;12;0
83;15;18
83;14;23
83;18;17
83;15;42
83;19;42
83;16;0
83;13;34
83;19;17
83;15;0
83;19;0
83;13;23
83;17;0
83;15;17
83;28;39
83;19;27
83;22;31
83;20;22
83;18;24
83;21;23
83;19;21
83;14;21
83;18;26
83;12;0
83;15;21
83;15;18
83;12;32
83;21;31
83;24;37
83;20;15
83;18;0
83;15;31
83;11;15
84;18;15
84;19;21
84;16;15
84;19;0
84;16;26
84;13;27
84;14;19
84;22;17
84;14;42
84;23;30
84;19;36
84;15;15
84;19;28
84;17;31
84;16;36
84;18;42
84;14;26
84;18;0
84;22;22
84;20;22
84;14;19
84;13;27
84;23;42
84;21;42
84;21;30
84;21;29
84;16;24
84;12;39
84;23;19
84;11;31
84;19;0
84;12;26
84;15;19
84;20;29
84;13;0
84;19;0
84;15;0
84;20;0
84;17;27
84;15;0
84;15;20
84;20;31
84;18;18
84;17;34
84;18;0
84;18;40
84;25;25
84;25;18
84;17;0
84;17;27
84;13;14
84;24;42
84;17;42
84;13;29
84;16;31
84;18;38
84;24;25
84;17;18
84;14;20
84;15;22
84;19;27
84;19;0
84;11;19
84;20;28
84;14;31
84;20;0
84;14;26
84;19;16
84;13;19
84;16;25
84;14;24
84;13;28
84;18;21
84;17;0
84;12;42
84;13;15
84;20;21
84;16;18
84;16;20
84;16;30
84;18;19
84;15;26
84;17;16
84;17;0
84;16;18
84;27;35
84;15;10
84;21;25
84;18;9
84;19;15
84;17;30
84;23;0
84;19;24
84;20;31
84;20;28
84;12;29
84;17;27
84;16;24
84;18;25
84;17;25
85;18;26
85;19;21
85;19;27
85;18;9
85;20;24
85;12;29
85;16;19
85;20;37
85;18;32
85;21;26
85;17;23
85;22;17
85;20;31
85;21;16
85;22;0
85;15;23
85;21;30
85;21;18
85;25;27
85;23;25
85;14;14
85;16;19
85;20;22
85;18;21
85;25;36
85;17;13
85;14;42
85;16;18
85;19;30
85;19;28
85;22;24
85;20;22
85;17;42
85;20;22
85;13;18
85;16;20
85;22;27
85;15;21
85;18;19
85;16;0
85;17;34
85;11;19
85;14;21
85;16;21
85;14;42
85;12;42
85;14;29
85;14;15
85;18;15
85;20;0
85;14;35
85;16;22
85;15;9
85;16;11
85;21;39
85;16;0
85;17;26
85;17;17
85;11;29
85;22;42
85;15;14
85;16;15
85;18;19
85;16;13
85;18;26
85;14;15
85;19;27
85;16;35
85;15;0
85;10;18
85;26;29
85;19;13
85;19;0
85;21;0
85;20;22
85;17;0
85;15;20
85;17;33
85;14;0
85;18;20
85;15;22
85;16;25
85;15;22
85;15;21
85;17;11
85;23;0
85;15;39
85;18;26
85;17;15
85;12;0
85;13;26
85;20;42
85;16;29
85;17;32
85;14;26
85;14;0
85;14;0
85;15;22
85;22;24
85;16;20
86;12;19
86;27;32
86;17;14
86;21;25
86;18;42
86;21;20
86;13;20
86;20;26
86;18;33
86;16;21
86;13;23
86;14;15
86;20;0
86;24;22
86;20;38
86;15;25
86;13;17
86;14;28
86;17;28
86;14;24
86;12;18
86;8;19
86;17;21
86;13;42
86;15;25
86;23;20
86;23;31
86;15;28
86;14;33
86;18;0
86;15;0
86;13;7
86;16;0
86;10;22
86;18;0
86;19;0
86;19;28
86;17;0
86;23;29
86;15;26
86;14;31
86;17;35
86;12;10
86;17;19
86;17;42
86;19;31
86;19;23
86;21;20
86;11;23
86;18;17
86;19;23
86;14;26
86;19;19
86;15;15
86;18;28
86;14;26
86;15;0
86;19;42
86;18;0
86;21;34
86;15;20
86;10;15
86;12;24
86;17;19
86;16;30
86;17;30
86;17;0
86;19;15
86;11;29
86;16;18
86;19;27
86;17;27
86;10;20
86;19;20
86;21;42
86;14;42
86;18;0
86;17;23
86;14;20
86;17;27
86;23;29
86;15;22
86;22;27
86;21;28
86;12;0
86;13;21
86;21;29
86;17;39
86;17;0
86;13;21
86;13;25
86;23;0
86;21;29
86;14;13
86;18;15
86;18;32
86;15;21
86;15;0
86;16;26
86;14;0
87;14;23
87;18;11
87;17;21
87;11;42
87;14;33
87;13;0
87;22;30
87;16;42
87;13;29
87;17;42
87;16;30
87;14;21
87;10;14
87;15;30
87;15;17
87;22;26
87;11;29
87;14;29
87;21;13
87;14;30
87;15;19
87;17;42
87;16;42
87;15;24
87;16;35
87;19;28
87;13;25
87;19;13
87;15;0
87;17;29
87;17;31
87;16;13
87;14;13
87;15;13
87;20;27
87;12;24
87;12;42
87;22;19
87;19;26
87;14;20
87;12;21
87;16;14
87;14;22
87;16;0
87;19;19
87;21;20
87;17;19
87;14;42
87;15;25
87;13;25
87;11;17
87;16;24
87;18;15
87;16;19
87;11;25
87;15;29
87;18;19
87;14;25
87;17;42
87;18;13
87;12;29
87;16;33
87;17;20
87;9;22
87;17;20
87;24;28
87;18;28
87;16;25
87;18;42
87;14;22
87;18;24
87;20;0
87;15;35
87;12;27
87;18;22
87;18;20
87;15;27
87;19;0
87;17;21
87;19;18
87;19;0
87;12;22
87;16;19
87;16;27
87;16;35
87;18;30
87;15;21
87;16;29
87;14;22
87;14;19
87;24;32
87;18;9
87;20;32
87;19;22
87;18;25
87;19;37
87;16;11
87;17;0
87;16;23
87;15;27
88;18;17
88;19;40
88;14;0
88;14;0
88;13;20
88;21;36
88;22;33
88;15;26
88;16;19
88;14;20
88;10;22
88;15;0
88;14;24
88;17;23
88;16;11
88;18;14
88;14;19
88;15;17
88;16;0
88;23;20
88;18;24
88;17;0
88;12;22
88;15;42
88;23;20
88;20;17
88;17;22
88;17;27
88;18;0
88;15;30
88;14;20
88;19;42
88;21;42
88;19;0
88;12;39
88;14;29
88;21;0
88;10;35
88;19;24
88;18;17
88;15;22
88;15;27
88;21;31
88;22;23
88;17;21
88;13;17
88;21;21
88;19;28
88;19;42
88;21;17
88;20;35
88;14;20
88;18;0
88;18;27
88;20;29
88;12;16
88;16;27
88;18;0
88;10;15
88;12;22
88;17;0
88;19;25
88;20;39
88;16;21
88;16;15
88;17;16
88;18;28
88;20;16
88;25;0
88;19;13
88;22;0
88;16;23
88;15;18
88;21;0
88;18;19
88;13;20
88;12;25
88;18;8
88;16;13
88;17;14
88;18;24
88;18;0
88;18;25
88;21;0
88;23;22
88;15;23
88;17;0
88;20;35
88;15;28
88;13;22
88;16;0
88;17;0
88;15;29
88;21;13
88;15;21
88;16;21
88;16;33
88;15;16
88;14;0
88;18;15
89;20;29
89;18;15
89;18;28
89;17;24
89;15;27
89;20;42
89;20;20
89;20;15
89;14;24
89;20;26
89;14;25
89;14;0
89;16;28
89;18;22
89;14;31
89;21;24
89;17;41
89;15;13
89;13;28
89;16;27
89;15;18
89;16;23
89;24;42
89;16;17
89;16;16
89;19;0
89;18;12
89;11;0
89;17;21
89;21;42
89;12;17
89;23;0
89;12;25
89;15;17
89;16;42
89;19;33
89;20;19
89;19;41
89;20;0
89;12;24
89;21;23
89;11;23
89;11;24
89;15;21
89;18;22
89;19;28
89;16;23
89;19;21
89;21;24
89;15;39
89;16;29
89;15;28
89;17;30
89;14;23
89;16;32
89;16;28
89;21;35
89;18;18
89;14;26
89;19;19
89;17;0
89;20;17
89;24;33
89;18;0
89;11;24
89;18;29
89;12;29
89;15;27
89;17;0
89;19;0
89;16;0
89;11;28
89;20;30
89;21;20
89;16;28
89;21;23
89;18;29
89;19;42
89;13;23
89;15;0
89;14;25
89;17;0
89;15;15
89;14;0
89;18;36
89;19;29
89;14;27
89;13;25
89;17;0
89;16;21
89;14;27
89;18;0
89;14;30
89;12;27
89;17;22
89;21;23
89;21;28
89;21;17
89;18;22
89;22;18
90;11;25
90;15;27
90;21;0
90;16;0
90;21;22
90;16;35
90;20;27
90;15;30
90;17;15
90;21;15
90;22;0
90;17;0
90;19;24
90;15;26
90;13;15
90;18;34
90;16;29
90;15;27
90;13;42
90;16;0
90;17;20
90;20;29
90;13;22
90;18;29
90;16;15
90;21;39
90;17;29
90;18;35
90;19;25
90;21;0
90;14;20
90;13;29
90;13;18
90;16;31
90;14;39
90;15;28
90;22;32
90;17;42
90;18;0
90;15;19
90;12;40
90;13;21
90;17;18
90;12;31
90;25;27
90;17;40
90;24;31
90;18;0
90;14;14
90;14;32
90;10;16
90;11;28
90;16;15
90;21;42
90;14;21
90;17;0
90;16;24
90;18;0
90;17;26
90;12;28
90;20;17
90;11;22
90;19;32
90;20;22
90;14;30
90;16;28
90;15;32
90;15;35
90;19;0
90;19;31
90;19;0
90;16;25
90;18;42
90;18;21
90;17;29
90;17;0
90;14;30
90;17;27
90;15;19
90;16;13
90;19;42
90;19;42
90;19;23
90;22;40
90;21;15
90;24;35
90;19;31
90;22;33
90;14;20
90;17;29
90;17;18
90;21;19
90;22;42
90;15;24
90;19;0
90;13;24
90;18;34
90;18;36
90;17;17
90;12;20
91;13;20
91;19;30
91;17;28
91;17;25
91;17;17
91;20;14
91;12;20
91;19;20
91;19;30
91;19;17
91;15;42
91;18;0
91;19;21
91;18;12
91;15;17
91;18;31
91;23;42
91;19;0
91;18;30
91;18;24
91;20;12
91;16;15
91;22;29
91;17;22
91;15;27
91;18;18
91;18;21
91;16;19
91;19;42
91;15;0
91;20;19
91;19;32
91;9;19
91;15;21
91;18;27
91;18;0
91;15;39
91;16;42
91;16;42
91;20;38
91;16;20
91;23;33
91;14;35
91;20;0
91;15;20
91;15;30
91;17;37
91;19;33
91;15;29
91;16;33
91;12;14
91;16;31
91;20;20
91;14;22
91;18;23
91;19;19
91;19;31
91;14;25
91;17;21
91;20;0
91;20;0
91;18;35
91;18;25
91;20;0
91;16;34
91;15;30
91;18;21
91;14;32
91;18;17
91;16;0
91;22;32
91;17;24
91;14;35
91;21;0
91;17;0
91;19;23
91;11;35
91;21;36
91;15;20
91;22;29
91;22;19
91;15;17
91;15;39
91;16;21
91;21;34
91;24;0
91;23;26
91;21;22
91;12;22
91;20;42
91;9;13
91;17;0
91;14;31
91;18;16
91;19;33
91;14;24
91;12;24
91;20;23
91;18;22
91;19;35
92;18;31
92;17;35
92;15;25
92;19;22
92;19;0
92;22;42
92;17;36
92;17;15
92;15;28
92;23;33
92;20;29
92;15;25
92;24;0
92;18;28
92;11;36
92;17;42
92;12;25
92;17;17
92;18;28
92;15;34
92;19;18
92;14;20
92;22;36
92;14;19
92;22;0
92;18;28
92;18;35
92;17;18
92;21;35
92;19;20
92;11;41
92;21;16
92;21;42
92;18;24
92;16;27
92;15;22
92;16;24
92;18;0
92;19;36
92;19;25
92;16;19
92;21;36
92;18;0
92;21;0
92;19;13
92;24;0
92;18;0
92;11;27
92;13;24
92;18;19
92;12;33
92;21;18
92;21;0
92;21;31
92;20;0
92;13;21
92;16;0
92;24;0
92;16;27
92;13;27
92;19;0
92;13;29
92;15;21
92;21;27
92;17;26
92;18;18
92;17;24
92;17;42
92;15;0
92;12;14
92;16;42
92;17;28
92;16;0
92;23;0
92;18;20
92;19;24
92;24;42
92;14;39
92;21;32
92;20;22
92;17;16
92;15;19
92;14;42
92;18;19
92;22;0
92;21;16
92;13;26
92;18;29
92;16;42
92;20;23
92;20;0
92;24;0
92;19;0
92;16;26
92;18;25
92;17;0
92;23;28
92;22;31
92;15;18
92;11;0
93;20;37
93;13;23
93;17;36
93;16;18
93;18;21
93;21;15
93;17;20
93;20;36
93;17;22
93;17;29
93;19;42
93;20;17
93;22;19
93;16;21
93;15;21
93;17;25
93;23;23
93;16;0
93;13;26
93;17;0
93;13;23
93;20;18
93;14;0
93;22;42
93;20;22
93;18;39
93;17;25
93;19;34
93;21;29
93;20;34
93;17;32
93;12;18
93;19;0
93;15;38
93;17;42
93;20;42
93;19;0
93;14;15
93;17;13
93;13;21
93;19;18
93;23;26
93;17;23
93;21;30
93;20;25
93;21;32
93;22;11
93;16;24
93;17;19
93;20;26
93;18;36
93;20;21
93;15;25
93;23;0
93;19;0
93;18;0
93;16;27
93;20;0
93;16;23
93;15;23
93;21;18
93;16;22
93;19;9
93;20;15
93;17;0
93;14;31
93;13;19
93;17;18
93;14;42
93;22;26
93;18;23
93;18;21
93;17;35
93;19;42
93;23;16
93;21;28
93;18;0
93;17;42
93;19;20
93;14;41
93;21;0
93;17;15
93;20;20
93;20;23
93;16;18
93;22;38
93;12;31
93;16;22
93;15;24
93;15;29
93;19;33
93;16;34
93;20;34
93;16;22
93;12;22
93;16;42
93;25;16
93;16;0
93;15;35
93;18;21
94;15;36
94;11;24
94;18;0
94;19;16
94;18;12
94;17;42
94;20;34
94;18;23
94;17;18
94;18;34
94;14;27
94;23;21
94;14;11
94;18;28
94;16;27
94;15;21
94;13;24
94;17;13
94;21;28
94;15;28
94;21;26
94;12;27
94;19;0
94;14;28
94;17;28
94;20;32
94;19;27
94;16;20
94;17;25
94;12;34
94;17;33
94;17;42
94;20;24
94;16;0
94;15;29
94;18;34
94;15;32
94;16;17
94;25;22
94;15;20
94;16;27
94;20;22
94;19;0
94;18;0
94;22;39
94;12;29
94;22;36
94;15;22
94;14;26
94;13;27
94;21;26
94;13;9
94;18;30
94;21;17
94;18;29
94;18;20
94;23;16
94;20;0
94;18;19
94;18;0
94;19;26
94;16;14
94;17;22
94;20;18
94;17;0
94;14;15
94;21;35
94;12;30
94;17;22
94;16;0
94;17;26
94;18;33
94;23;27
94;17;14
94;18;14
94;15;19
94;21;34
94;18;19
94;19;31
94;18;25
94;15;14
94;19;23
94;19;0
94;15;13
94;19;27
94;18;17
94;19;16
94;19;21
94;18;13
94;15;37
94;18;31
94;15;39
94;17;25
94;16;0
94;15;21
94;17;41
94;12;25
94;21;16
94;20;30
94;16;34
95;17;0
95;17;37
95;22;42
95;13;0
95;17;7
95;16;25
95;14;22
95;18;27
95;20;0
95;19;28
95;18;19
95;14;15
95;18;32
95;14;18
95;16;15
95;20;0
95;17;0
95;16;21
95;16;0
95;21;0
95;16;42
95;20;10
95;23;18
95;24;30
95;22;19
95;20;28
95;21;20
95;17;28
95;16;33
95;18;34
95;16;16
95;16;25
95;15;32
95;15;42
95;16;22
95;16;29
95;18;26
95;17;0
95;18;0
95;15;0
95;15;0
95;14;21
95;19;31
95;21;0
95;16;23
95;19;0
95;17;14
95;15;24
95;12;0
95;17;30
95;17;33
95;14;20
95;15;16
95;21;39
95;18;26
95;17;20
95;19;0
95;15;23
95;18;42
95;18;37
95;15;24
95;12;31
95;23;32
95;19;27
95;20;19
95;17;42
95;20;42
95;19;27
95;14;25
95;14;35
95;17;0
95;20;34
95;15;18
95;16;0
95;16;29
95;15;25
95;21;18
95;17;17
95;16;31
95;15;25
95;19;18
95;19;19
95;15;31
95;14;27
95;13;31
95;14;19
95;16;42
95;15;15
95;15;35
95;17;34
95;19;33
95;21;42
95;16;19
95;15;13
95;18;21
95;24;0
95;16;23
95;18;25
95;15;30
95;21;18
96;16;27
96;17;27
96;22;36
96;18;28
96;22;17
96;20;32
96;13;0
96;18;15
96;17;34
96;15;37
96;18;24
96;20;22
96;18;34
96;18;22
96;14;41
96;17;29
96;18;22
96;20;23
96;22;26
96;20;18
96;18;42
96;19;0
96;17;23
96;13;24
96;19;25
96;21;0
96;18;0
96;16;24
96;13;28
96;21;25
96;21;20
96;23;0
96;15;23
96;18;24
96;16;42
96;16;7
96;19;0
96;16;35
96;15;25
96;17;32
96;14;27
96;23;32
96;20;19
96;18;27
96;16;23
96;18;18
96;18;38
96;24;39
96;17;42
96;15;32
96;19;24
96;14;30
96;11;25
96;12;20
96;19;31
96;15;22
96;10;26
96;15;21
96;17;29
96;21;27
96;15;33
96;17;0
96;12;0
96;16;39
96;13;23
96;16;0
96;13;33
96;20;19
96;16;0
96;16;19
96;16;42
96;13;28
96;15;27
96;17;31
96;22;18
96;17;21
96;17;0
96;18;35
96;23;27
96;17;23
96;24;0
96;18;0
96;15;20
96;18;7
96;16;26
96;20;0
96;16;31
96;19;20
96;15;18
96;24;28
96;23;28
96;18;20
96;18;21
96;13;21
96;18;31
96;16;29
96;17;19
96;11;24
96;18;0
96;19;31
97;11;33
97;20;30
97;15;31
97;13;29
97;18;0
97;17;0
97;17;32
97;12;33
97;18;23
97;16;21
97;14;24
97;8;19
97;15;19
97;17;31
97;18;42
97;18;35
97;13;16
97;17;0
97;19;20
97;18;23
97;16;24
97;16;21
97;16;24
97;18;39
97;14;28
97;17;0
97;15;23
97;19;18
97;17;25
97;16;32
97;18;21
97;16;42
97;16;0
97;21;18
97;15;22
97;19;31
97;21;12
97;20;31
97;18;0
97;17;23
97;13;28
97;16;27
97;17;24
97;22;28
97;19;28
97;21;38
97;15;26
97;15;28
97;13;30
97;16;18
97;15;25
97;20;0
97;13;23
97;22;17
97;13;21
97;14;42
97;19;0
97;18;19
97;22;12
97;23;37
97;22;28
97;20;23
97;20;33
97;13;22
97;14;19
97;15;0
97;16;38
97;19;25
97;17;25
97;14;32
97;21;35
97;20;27
97;15;30
97;16;17
97;16;0
97;10;0
97;16;35
97;11;20
97;18;0
97;17;35
97;18;26
97;15;31
97;14;27
97;16;38
97;16;16
97;17;29
97;15;31
97;14;25
97;19;25
97;18;23
97;18;0
97;15;28
97;12;0
97;19;17
97;19;35
97;19;31
97;14;14
97;16;39
97;13;29
97;14;28
98;20;42
98;18;28
98;15;24
98;14;30
98;16;16
98;18;0
98;17;30
98;15;18
98;19;29
98;17;27
98;21;21
98;18;31
98;19;0
98;16;23
98;17;19
98;19;15
98;16;26
98;23;0
98;17;19
98;17;19
98;17;28
98;16;32
98;16;16
98;16;25
98;18;0
98;14;0
98;23;28
98;19;0
98;13;23
98;14;0
98;13;19
98;17;36
98;20;23
98;19;0
98;18;18
98;20;25
98;15;0
98;24;35
98;21;0
98;18;37
98;16;21
98;21;22
98;16;23
98;22;21
98;21;19
98;19;16
98;21;0
98;20;28
98;19;28
98;16;25
98;16;35
98;19;0
98;15;33
98;12;17
98;20;20
98;20;22
98;17;27
98;17;20
98;14;24
98;18;23
98;16;27
98;17;13
98;17;16
98;24;16
98;11;23
98;19;0
98;21;42
98;20;16
98;18;24
98;15;25
98;19;24
98;22;16
98;18;13
98;14;35
98;18;18
98;24;25
98;15;0
98;19;29
98;15;27
98;21;0
98;21;20
98;18;24
98;18;20
98;21;23
98;19;18
98;18;26
98;16;0
98;17;14
98;19;22
98;19;24
98;18;31
98;18;21
98;20;16
98;16;34
98;16;30
98;11;17
98;22;0
98;20;22
98;14;28
98;18;17
99;11;30
99;14;29
99;17;42
99;20;17
99;12;31
99;13;22
99;19;42
99;13;0
99;15;33
99;19;42
99;20;21
99;14;20
99;21;13
99;11;19
99;20;29
99;16;24
99;12;0
99;18;0
99;22;42
99;17;21
99;20;26
99;16;42
99;16;16
99;18;29
99;18;42
99;22;27
99;16;17
99;21;26
99;20;42
99;20;28
99;16;25
99;19;42
99;23;35
99;13;27
99;22;27
99;14;42
99;21;7
99;15;31
99;18;17
99;22;27
99;24;33
99;10;27
99;19;42
99;18;28
99;13;26
99;19;20
99;16;25
99;23;23
99;21;22
99;22;21
99;20;19
99;13;42
99;14;15
99;15;35
99;18;33
99;16;42
99;15;30
99;20;0
99;16;20
99;20;25
99;16;21
99;16;13
99;20;29
99;15;24
99;15;37
99;24;20
99;13;33
99;16;0
99;18;0
99;17;25
99;20;42
99;20;30
99;15;24
99;16;20
99;15;23
99;19;20
99;17;38
99;16;15
99;14;14
99;19;28
99;14;30
99;13;26
99;17;32
99;15;24
99;18;0
99;18;42
99;17;35
99;15;39
99;17;27
99;19;42
99;18;19
99;17;20
99;18;17
99;12;28
99;20;33
99;19;0
99;14;34
99;16;17
99;15;31
99;14;24
