Generation;Average Moves To Win;Average Moves To Lose
0;15;13
0;15;16
0;17;16
0;13;15
0;18;16
0;15;17
0;15;16
0;18;17
0;15;14
0;19;15
0;15;16
0;19;19
0;19;18
0;21;15
0;17;20
0;20;19
0;17;20
0;19;16
0;20;19
0;18;14
0;21;16
0;15;14
0;18;20
0;24;19
0;16;18
0;20;20
0;20;17
0;18;21
0;17;21
0;22;23
0;17;17
0;14;14
0;16;16
0;20;16
0;19;18
0;18;18
0;18;17
0;16;16
0;16;15
0;22;19
0;16;17
0;19;15
0;17;19
0;17;16
0;16;18
0;18;20
0;18;20
0;18;15
0;17;18
0;20;17
0;13;20
0;15;15
0;16;19
0;17;16
0;13;15
0;16;16
0;14;16
0;16;17
0;21;20
0;16;15
0;16;15
0;17;19
0;19;19
0;17;19
0;16;16
0;17;15
0;17;16
0;20;19
0;17;19
0;17;16
0;12;15
0;18;18
0;14;18
0;19;16
0;21;20
0;19;18
0;19;17
0;19;20
0;19;16
0;18;20
0;13;16
0;19;21
0;23;21
0;18;16
0;18;20
0;19;18
0;19;17
0;22;16
0;16;16
0;19;18
0;19;19
0;19;17
0;17;18
0;16;16
0;16;20
0;17;17
0;19;18
0;17;13
0;21;20
0;19;18
1;18;16
1;17;17
1;12;17
1;17;14
1;20;20
1;19;19
1;21;18
1;16;19
1;17;23
1;17;16
1;15;19
1;17;16
1;19;19
1;17;16
1;17;16
1;18;19
1;19;20
1;15;16
1;15;16
1;17;16
1;18;21
1;18;20
1;15;18
1;19;19
1;16;17
1;15;17
1;16;17
1;18;21
1;13;15
1;15;14
1;15;16
1;18;15
1;19;17
1;21;16
1;17;21
1;15;22
1;17;16
1;16;18
1;17;19
1;16;17
1;18;14
1;20;20
1;15;17
1;19;20
1;16;17
1;16;19
1;17;15
1;19;20
1;15;22
1;20;20
1;17;17
1;18;21
1;16;19
1;19;18
1;18;14
1;17;18
1;16;20
1;17;16
1;19;16
1;12;16
1;19;19
1;17;19
1;18;19
1;17;17
1;14;18
1;16;15
1;17;17
1;18;18
1;18;19
1;14;22
1;15;14
1;16;14
1;18;17
1;21;20
1;19;18
1;14;15
1;17;14
1;20;17
1;14;14
1;17;15
1;17;19
1;16;16
1;19;14
1;15;15
1;16;18
1;14;17
1;19;20
1;14;16
1;16;17
1;17;18
1;19;19
1;16;17
1;15;16
1;15;14
1;16;16
1;14;16
1;13;16
1;15;15
1;14;16
1;22;22
2;13;18
2;16;18
2;18;17
2;17;16
2;18;20
2;16;17
2;15;22
2;14;19
2;17;19
2;20;21
2;16;20
2;18;18
2;16;17
2;17;17
2;18;24
2;17;18
2;16;21
2;16;14
2;17;20
2;17;18
2;17;19
2;19;17
2;18;19
2;17;18
2;14;17
2;17;15
2;19;17
2;16;17
2;17;18
2;15;17
2;18;16
2;17;17
2;14;15
2;16;16
2;17;16
2;15;16
2;15;16
2;16;19
2;17;18
2;18;17
2;14;17
2;15;15
2;14;16
2;16;17
2;14;20
2;17;18
2;16;20
2;15;18
2;14;18
2;16;17
2;15;18
2;19;18
2;17;18
2;15;16
2;15;22
2;17;15
2;17;20
2;17;17
2;14;20
2;16;18
2;16;17
2;16;15
2;15;17
2;17;17
2;15;15
2;15;20
2;17;15
2;16;16
2;19;17
2;18;15
2;14;17
2;15;24
2;19;16
2;18;16
2;18;15
2;18;18
2;13;16
2;14;18
2;14;16
2;14;14
2;20;19
2;16;16
2;19;18
2;15;15
2;16;19
2;12;17
2;14;15
2;16;16
2;14;19
2;15;15
2;14;15
2;18;19
2;17;18
2;15;17
2;16;22
2;17;16
2;16;18
2;16;15
2;15;17
2;13;16
3;16;15
3;19;14
3;12;19
3;17;14
3;16;17
3;16;17
3;16;19
3;18;22
3;16;15
3;14;20
3;18;21
3;16;18
3;15;17
3;17;14
3;19;18
3;16;17
3;18;18
3;12;15
3;14;16
3;17;18
3;15;16
3;18;20
3;15;16
3;17;17
3;16;20
3;16;18
3;14;17
3;15;18
3;17;18
3;15;18
3;16;18
3;15;14
3;17;25
3;13;17
3;17;15
3;17;22
3;15;14
3;18;24
3;11;15
3;15;15
3;11;14
3;14;17
3;18;20
3;16;15
3;15;21
3;17;15
3;14;17
3;18;17
3;14;16
3;15;17
3;14;15
3;15;18
3;14;16
3;16;18
3;19;16
3;14;16
3;15;16
3;15;15
3;19;17
3;16;16
3;13;18
3;17;16
3;16;22
3;18;18
3;15;13
3;17;18
3;13;19
3;17;20
3;16;24
3;16;20
3;14;22
3;20;16
3;16;16
3;15;14
3;17;20
3;17;15
3;14;20
3;17;14
3;15;18
3;18;22
3;18;21
3;14;19
3;15;15
3;19;16
3;18;18
3;15;16
3;14;15
3;16;16
3;17;17
3;17;18
3;16;18
3;18;15
3;13;14
3;13;19
3;13;14
3;16;17
3;15;18
3;17;16
3;15;17
3;13;17
4;14;28
4;18;16
4;13;17
4;13;20
4;15;14
4;15;20
4;17;26
4;17;17
4;12;15
4;16;15
4;17;24
4;16;19
4;18;13
4;13;21
4;16;15
4;14;17
4;13;21
4;15;16
4;17;17
4;17;15
4;16;17
4;17;17
4;12;18
4;16;19
4;12;18
4;14;17
4;16;15
4;19;19
4;17;18
4;14;19
4;16;18
4;16;16
4;15;26
4;16;17
4;14;15
4;16;18
4;14;16
4;12;14
4;17;16
4;15;15
4;18;16
4;15;16
4;16;17
4;16;18
4;17;15
4;17;16
4;16;21
4;17;17
4;17;19
4;17;22
4;15;19
4;19;19
4;16;18
4;16;16
4;15;19
4;14;17
4;16;16
4;12;18
4;15;18
4;13;17
4;16;19
4;16;21
4;14;14
4;13;23
4;11;17
4;17;17
4;11;16
4;14;22
4;15;20
4;15;15
4;16;20
4;15;16
4;14;17
4;14;16
4;15;15
4;11;14
4;20;20
4;14;18
4;12;16
4;16;23
4;15;23
4;13;22
4;13;17
4;18;18
4;18;22
4;17;21
4;18;16
4;12;23
4;14;17
4;16;15
4;16;20
4;19;22
4;17;18
4;18;18
4;19;14
4;15;20
4;15;18
4;15;21
4;13;17
4;15;17
5;14;20
5;14;17
5;13;18
5;14;20
5;15;16
5;17;19
5;19;20
5;16;24
5;14;24
5;13;19
5;13;20
5;17;19
5;18;22
5;14;17
5;12;18
5;16;16
5;12;16
5;12;15
5;20;18
5;15;15
5;17;15
5;18;20
5;14;14
5;17;19
5;14;20
5;16;18
5;17;19
5;16;15
5;14;17
5;15;15
5;16;16
5;14;18
5;14;19
5;19;17
5;19;19
5;18;16
5;13;16
5;16;15
5;16;24
5;15;21
5;16;23
5;16;20
5;14;14
5;14;18
5;11;20
5;14;22
5;15;13
5;14;16
5;16;15
5;17;13
5;13;16
5;16;13
5;17;23
5;14;19
5;12;20
5;13;18
5;16;18
5;16;23
5;12;20
5;16;17
5;14;17
5;15;17
5;13;16
5;14;17
5;13;14
5;13;20
5;17;22
5;14;18
5;12;17
5;12;16
5;13;16
5;16;14
5;17;20
5;14;18
5;14;22
5;16;17
5;17;20
5;15;18
5;13;18
5;13;17
5;17;16
5;16;15
5;14;14
5;18;14
5;16;11
5;17;20
5;14;18
5;15;18
5;14;21
5;15;15
5;15;19
5;14;16
5;15;16
5;15;16
5;16;14
5;15;18
5;15;19
5;14;20
5;17;21
5;16;19
6;17;14
6;16;16
6;16;22
6;16;17
6;13;18
6;16;25
6;13;14
6;18;16
6;19;27
6;11;16
6;18;17
6;15;19
6;14;22
6;15;16
6;14;19
6;13;15
6;15;16
6;14;17
6;15;20
6;14;19
6;16;19
6;15;17
6;13;24
6;16;19
6;14;26
6;17;24
6;15;21
6;16;18
6;16;12
6;14;20
6;18;17
6;15;16
6;17;22
6;12;15
6;17;19
6;18;15
6;20;21
6;17;21
6;15;25
6;14;16
6;19;19
6;12;19
6;19;17
6;14;15
6;18;22
6;14;18
6;15;19
6;16;20
6;19;22
6;13;15
6;13;18
6;16;20
6;12;14
6;12;16
6;12;20
6;15;15
6;19;19
6;14;18
6;17;22
6;14;15
6;14;20
6;14;15
6;14;20
6;15;15
6;13;16
6;14;14
6;18;16
6;15;13
6;15;16
6;13;18
6;14;18
6;15;33
6;14;15
6;12;16
6;14;24
6;21;17
6;12;13
6;14;21
6;14;16
6;16;18
6;15;16
6;16;16
6;12;16
6;16;20
6;15;13
6;15;17
6;15;16
6;14;15
6;15;17
6;13;22
6;19;14
6;15;19
6;14;18
6;14;18
6;15;19
6;15;15
6;18;19
6;14;17
6;17;21
6;16;14
7;11;14
7;14;27
7;13;13
7;15;21
7;15;16
7;15;20
7;17;22
7;21;22
7;13;23
7;16;19
7;16;15
7;20;26
7;15;21
7;15;15
7;14;19
7;16;20
7;15;18
7;16;12
7;15;29
7;15;24
7;13;24
7;16;25
7;14;17
7;14;16
7;15;16
7;18;23
7;12;16
7;18;18
7;14;21
7;15;22
7;16;21
7;14;18
7;16;22
7;18;24
7;14;17
7;16;12
7;14;22
7;16;20
7;15;15
7;18;22
7;16;17
7;16;18
7;14;13
7;16;25
7;14;21
7;13;24
7;13;15
7;12;15
7;16;17
7;13;14
7;12;17
7;15;18
7;13;14
7;17;21
7;18;21
7;15;15
7;13;15
7;16;16
7;13;20
7;15;15
7;14;17
7;14;14
7;12;17
7;16;15
7;16;17
7;16;18
7;16;17
7;14;17
7;16;16
7;14;22
7;15;14
7;14;18
7;21;20
7;17;17
7;15;18
7;18;18
7;15;21
7;13;22
7;18;17
7;16;23
7;13;20
7;13;17
7;14;16
7;15;20
7;15;22
7;15;18
7;16;19
7;14;14
7;14;19
7;16;23
7;17;16
7;16;24
7;15;15
7;18;23
7;18;19
7;12;14
7;15;22
7;17;22
7;16;19
7;15;20
8;13;17
8;17;22
8;19;18
8;18;27
8;12;18
8;14;16
8;16;22
8;15;16
8;18;22
8;17;18
8;14;14
8;14;17
8;13;20
8;16;19
8;17;24
8;14;20
8;14;15
8;16;20
8;19;19
8;13;15
8;15;15
8;15;19
8;16;24
8;16;20
8;16;15
8;15;18
8;13;21
8;15;17
8;18;20
8;14;18
8;16;16
8;12;20
8;15;23
8;16;25
8;17;16
8;11;15
8;14;20
8;14;16
8;16;17
8;14;20
8;16;28
8;15;16
8;15;13
8;15;23
8;13;20
8;17;26
8;14;16
8;14;20
8;14;18
8;14;21
8;12;14
8;16;26
8;17;28
8;14;16
8;17;20
8;16;19
8;16;17
8;13;17
8;13;27
8;16;21
8;15;12
8;16;16
8;14;15
8;17;21
8;14;17
8;12;19
8;13;19
8;12;14
8;17;15
8;11;17
8;14;17
8;14;13
8;18;18
8;18;19
8;17;26
8;14;18
8;13;18
8;17;22
8;12;16
8;15;17
8;15;21
8;16;17
8;16;20
8;12;22
8;15;17
8;14;17
8;19;22
8;17;19
8;16;24
8;13;20
8;16;17
8;11;18
8;15;19
8;16;21
8;17;17
8;14;17
8;15;23
8;15;18
8;17;19
8;14;22
9;16;20
9;18;20
9;15;18
9;14;19
9;17;17
9;16;14
9;20;25
9;15;19
9;12;17
9;15;30
9;15;19
9;16;14
9;15;15
9;13;17
9;15;16
9;15;18
9;16;21
9;16;18
9;12;19
9;14;24
9;19;22
9;13;18
9;18;18
9;16;20
9;14;18
9;17;19
9;16;21
9;12;14
9;15;17
9;16;22
9;13;22
9;11;16
9;16;25
9;14;17
9;13;20
9;13;15
9;11;21
9;15;23
9;15;15
9;14;22
9;19;27
9;15;22
9;17;14
9;18;19
9;11;18
9;14;19
9;18;19
9;15;16
9;17;19
9;16;22
9;13;21
9;12;15
9;16;19
9;15;19
9;15;16
9;18;17
9;15;21
9;16;17
9;14;17
9;15;21
9;15;24
9;14;18
9;15;18
9;14;17
9;18;19
9;18;16
9;16;17
9;17;19
9;13;20
9;16;21
9;15;17
9;17;22
9;15;23
9;14;25
9;14;14
9;17;25
9;16;15
9;20;25
9;15;21
9;13;19
9;22;30
9;13;17
9;18;22
9;16;15
9;14;20
9;16;26
9;14;15
9;15;20
9;13;21
9;16;25
9;14;16
9;16;18
9;13;15
9;19;19
9;14;22
9;16;22
9;14;17
9;14;22
9;11;16
9;15;13
10;15;20
10;14;19
10;17;21
10;12;26
10;16;20
10;15;20
10;17;14
10;16;33
10;16;16
10;13;18
10;14;21
10;17;23
10;14;13
10;11;23
10;16;25
10;16;21
10;14;27
10;15;16
10;18;19
10;14;20
10;16;22
10;12;27
10;13;20
10;15;20
10;16;22
10;14;18
10;16;14
10;13;26
10;13;18
10;16;18
10;15;17
10;15;26
10;16;13
10;17;16
10;16;21
10;14;19
10;14;23
10;16;20
10;19;21
10;16;20
10;16;23
10;19;23
10;21;21
10;11;15
10;18;33
10;18;28
10;16;21
10;13;17
10;13;12
10;12;22
10;15;19
10;14;24
10;13;25
10;17;21
10;16;20
10;17;17
10;14;17
10;17;24
10;16;17
10;15;33
10;15;20
10;16;19
10;13;17
10;17;15
10;20;20
10;15;19
10;17;16
10;15;17
10;13;20
10;13;17
10;18;20
10;15;21
10;12;18
10;15;28
10;15;20
10;16;22
10;17;19
10;15;18
10;16;21
10;15;19
10;15;14
10;15;23
10;15;22
10;11;15
10;14;17
10;15;18
10;16;25
10;18;24
10;13;21
10;15;18
10;14;22
10;14;20
10;19;16
10;17;18
10;18;16
10;12;26
10;13;23
10;14;18
10;15;25
10;14;15
11;12;16
11;17;23
11;15;18
11;15;14
11;17;19
11;17;12
11;13;17
11;13;22
11;16;19
11;14;28
11;17;21
11;13;21
11;14;20
11;15;17
11;15;17
11;13;16
11;15;19
11;19;20
11;15;21
11;20;25
11;16;18
11;12;19
11;14;22
11;19;21
11;14;20
11;14;22
11;15;20
11;12;19
11;16;26
11;15;25
11;16;16
11;11;18
11;15;13
11;10;23
11;14;20
11;16;17
11;14;24
11;15;26
11;16;16
11;13;28
11;16;16
11;14;19
11;14;19
11;15;20
11;16;24
11;15;15
11;11;18
11;13;14
11;12;18
11;14;32
11;14;17
11;13;25
11;14;14
11;17;20
11;14;16
11;16;20
11;13;18
11;20;18
11;15;28
11;14;16
11;15;13
11;20;23
11;15;22
11;14;12
11;12;19
11;17;23
11;13;15
11;13;19
11;12;22
11;15;15
11;14;16
11;14;16
11;16;21
11;11;28
11;14;23
11;9;14
11;15;16
11;13;26
11;14;18
11;15;20
11;14;14
11;12;16
11;16;21
11;16;24
11;14;27
11;16;25
11;13;21
11;17;23
11;13;19
11;18;18
11;17;18
11;15;16
11;20;22
11;15;19
11;16;23
11;16;15
11;15;21
11;16;21
11;17;20
11;13;19
12;13;22
12;17;22
12;15;14
12;14;20
12;11;16
12;16;18
12;17;27
12;15;24
12;13;17
12;14;19
12;15;32
12;14;23
12;18;16
12;16;11
12;17;26
12;15;20
12;15;20
12;13;26
12;17;14
12;13;24
12;13;32
12;13;18
12;14;20
12;14;26
12;15;22
12;17;16
12;16;20
12;13;19
12;13;22
12;13;23
12;14;19
12;14;19
12;17;22
12;14;25
12;16;19
12;13;31
12;17;18
12;16;26
12;16;20
12;13;27
12;17;17
12;16;25
12;14;31
12;15;23
12;17;23
12;14;21
12;16;32
12;14;18
12;17;21
12;18;29
12;16;16
12;15;21
12;15;26
12;14;12
12;14;21
12;14;28
12;13;22
12;14;20
12;17;28
12;16;20
12;15;18
12;11;18
12;14;13
12;16;14
12;14;20
12;13;24
12;13;20
12;16;17
12;14;16
12;12;30
12;15;17
12;16;14
12;16;15
12;14;18
12;15;24
12;19;18
12;18;19
12;15;20
12;16;26
12;11;19
12;14;21
12;13;18
12;13;31
12;15;14
12;15;18
12;17;15
12;12;20
12;11;22
12;17;14
12;14;18
12;15;20
12;12;14
12;19;29
12;13;17
12;14;29
12;15;24
12;16;25
12;14;19
12;12;17
12;21;25
13;15;16
13;14;16
13;12;18
13;17;20
13;15;28
13;16;20
13;15;18
13;16;17
13;15;34
13;18;17
13;12;30
13;15;42
13;15;19
13;15;24
13;16;15
13;15;15
13;15;18
13;17;25
13;17;22
13;16;40
13;16;24
13;15;28
13;14;25
13;16;19
13;17;20
13;13;14
13;12;22
13;17;26
13;17;19
13;17;14
13;15;16
13;15;27
13;12;28
13;17;20
13;15;19
13;16;21
13;16;26
13;15;14
13;12;23
13;17;24
13;15;18
13;17;19
13;13;21
13;17;24
13;13;22
13;15;18
13;17;17
13;13;29
13;13;26
13;17;20
13;14;20
13;16;19
13;16;24
13;16;21
13;16;21
13;17;20
13;17;19
13;17;35
13;12;26
13;11;19
13;17;28
13;15;25
13;15;24
13;15;21
13;18;12
13;16;25
13;13;17
13;16;18
13;18;22
13;20;26
13;17;15
13;13;24
13;15;23
13;17;16
13;15;25
13;16;27
13;13;23
13;13;24
13;15;20
13;17;18
13;10;19
13;15;17
13;14;19
13;16;22
13;15;29
13;14;17
13;15;20
13;14;18
13;13;20
13;15;28
13;15;34
13;15;24
13;15;25
13;11;17
13;15;28
13;18;18
13;16;29
13;13;21
13;14;20
13;14;18
